1,2,3,
4,5,6,
7,8,1,
9,10,4,
11,12,7,
13,14,9,
15,16,11,
17,18,13,
19,20,15,
21,22,17,
23,24,25,
19,24,26,
27,28,21,
29,30,23,
3,31,27,
6,32,29,
7,1,33,
9,4,33,
11,7,33,
13,9,33,
15,11,33,
17,13,33,
19,15,33,
21,17,33,
23,25,33,
25,19,33,
27,21,33,
29,23,33,
3,27,33,
6,29,33,
1,3,33,
4,6,33,
8,34,2,
5,35,36,
8,37,38,
14,35,10,
16,37,12,
18,39,14,
20,40,16,
18,41,42,
26,43,20,
28,41,22,
24,44,45,
24,46,26,
28,47,48,
32,44,30,
2,47,31,
5,49,32,
48,47,50,
46,45,50,
44,49,50,
41,48,50,
43,46,50,
45,44,50,
42,41,50,
40,43,50,
39,42,50,
37,40,50,
35,39,50,
38,37,50,
34,38,50,
36,35,50,
47,34,50,
49,36,50,
51,50,52,
53,50,54,
55,50,51,
56,50,53,
57,50,55,
58,50,56,
59,50,57,
60,50,58,
61,50,62,
62,50,59,
63,50,60,
64,50,61,
65,50,63,
66,50,64,
52,50,65,
54,50,66,
65,67,52,
68,54,66,
52,69,51,
70,53,54,
69,55,51,
71,56,53,
72,57,55,
73,58,56,
74,59,57,
58,75,60,
76,61,62,
77,62,59,
60,78,63,
79,64,61,
63,80,65,
81,66,64,
82,83,33,
83,84,33,
85,86,33,
87,82,33,
88,85,33,
89,87,33,
90,88,33,
91,89,33,
92,90,33,
93,91,33,
94,92,33,
95,93,33,
96,94,33,
97,95,33,
84,96,33,
86,97,33,
82,76,83,
87,79,82,
87,68,81,
91,68,89,
91,71,70,
93,73,71,
97,73,95,
97,75,98,
85,75,86,
85,80,78,
88,67,80,
92,67,90,
92,72,69,
96,72,94,
96,77,74,
84,76,77,
99,50,100,
101,50,102,
103,50,99,
104,50,101,
105,50,103,
106,50,104,
107,50,108,
108,50,105,
109,50,106,
110,50,107,
111,50,109,
112,50,110,
113,50,111,
114,50,112,
100,50,113,
102,50,114,
115,99,100,
116,101,102,
117,103,99,
118,104,101,
103,119,105,
120,106,104,
121,107,108,
119,108,105,
122,109,106,
123,110,107,
124,111,109,
125,112,110,
111,126,113,
127,114,112,
126,100,113,
128,102,114,
117,129,130,
118,131,132,
126,129,115,
116,133,131,
134,135,126,
127,133,128,
124,136,134,
127,137,138,
124,139,140,
119,141,121,
125,142,137,
120,139,122,
119,143,144,
123,141,142,
118,145,120,
117,143,146,
140,139,33,
141,144,33,
142,141,33,
139,145,33,
144,143,33,
145,132,33,
143,130,33,
132,131,33,
130,129,33,
131,133,33,
129,135,33,
133,138,33,
135,136,33,
138,137,33,
136,140,33,
137,142,33,
147,50,100,
101,50,148,
103,50,147,
149,50,101,
150,50,103,
106,50,149,
151,50,108,
108,50,150,
152,50,106,
110,50,151,
111,50,152,
153,50,110,
154,50,111,
114,50,153,
100,50,154,
148,50,114,
100,155,147,
156,101,148,
147,157,103,
101,158,149,
157,150,103,
149,159,106,
160,151,108,
150,160,108,
159,152,106,
161,110,151,
162,111,152,
163,153,110,
164,154,111,
165,114,153,
154,166,100,
167,148,114,
155,168,169,
156,170,171,
172,168,166,
156,173,174,
172,175,176,
165,173,167,
162,175,164,
165,177,178,
162,179,180,
181,182,160,
161,177,163,
159,183,179,
181,184,185,
161,182,186,
171,183,158,
155,184,157,
180,179,33,
182,185,33,
186,182,33,
179,183,33,
185,184,33,
183,170,33,
184,169,33,
170,174,33,
169,168,33,
174,173,33,
168,176,33,
173,178,33,
176,175,33,
178,177,33,
175,180,33,
177,186,33,
187,188,189,
190,191,192,
189,193,194,
192,195,196,
194,197,198,
196,199,200,
198,201,202,
200,203,204,
202,205,206,
204,207,208,
206,209,210,
208,211,212,
213,214,215,
210,216,213,
212,217,187,
215,218,190,
187,219,220,
190,221,222,
194,219,189,
192,223,221,
198,224,194,
200,223,196,
202,225,198,
200,226,227,
206,228,202,
204,229,226,
210,230,206,
208,231,229,
213,232,233,
210,233,234,
187,231,212,
215,222,232,
227,235,236,
228,237,238,
229,235,226,
230,239,237,
229,240,241,
232,242,233,
233,239,234,
220,240,231,
222,243,232,
220,244,245,
221,246,222,
224,244,219,
221,247,248,
225,249,224,
223,236,247,
225,238,250,
244,249,50,
248,247,50,
249,250,50,
247,236,50,
250,238,50,
236,235,50,
238,237,50,
235,241,50,
237,239,50,
241,240,50,
242,243,50,
239,242,50,
240,245,50,
243,246,50,
245,244,50,
246,248,50,
214,251,252,
209,251,216,
217,253,254,
214,255,218,
217,256,188,
191,255,257,
188,258,193,
191,259,195,
193,260,197,
195,261,199,
197,262,201,
199,263,203,
205,262,264,
207,263,265,
205,266,209,
207,253,211,
264,267,266,
265,268,253,
251,269,252,
266,270,251,
253,271,254,
252,272,255,
256,271,273,
257,272,274,
258,273,275,
259,274,276,
260,275,277,
259,278,261,
260,279,262,
261,280,263,
262,281,264,
265,280,282,
278,276,33,
279,277,33,
280,278,33,
281,279,33,
282,280,33,
267,281,33,
268,282,33,
269,270,33,
270,267,33,
271,268,33,
272,269,33,
273,271,33,
274,272,33,
275,273,33,
276,274,33,
277,275,33,
187,188,189,
190,191,192,
189,193,194,
192,195,196,
194,197,198,
196,199,200,
198,201,202,
200,203,204,
202,205,206,
204,207,208,
206,209,210,
208,211,212,
213,214,215,
210,216,213,
212,217,187,
215,218,190,
187,219,220,
192,222,190,
194,219,189,
196,221,192,
198,224,194,
200,223,196,
198,228,225,
200,226,227,
206,228,202,
208,226,204,
206,234,230,
208,231,229,
213,232,233,
210,233,234,
187,231,212,
190,232,215,
227,283,284,
228,285,286,
229,283,226,
230,287,285,
229,288,289,
233,290,291,
234,291,287,
220,288,231,
222,290,232,
220,292,293,
221,294,222,
224,292,219,
223,295,221,
225,296,224,
223,284,297,
225,286,298,
292,296,50,
295,297,50,
296,298,50,
297,284,50,
298,286,50,
284,283,50,
286,285,50,
283,289,50,
285,287,50,
289,288,50,
291,290,50,
287,291,50,
288,293,50,
290,294,50,
293,292,50,
294,295,50,
216,299,214,
216,300,301,
217,302,303,
214,304,218,
217,305,188,
191,304,306,
193,305,307,
195,306,308,
193,309,197,
195,310,199,
197,311,201,
199,312,203,
201,313,205,
207,312,314,
205,300,209,
207,302,211,
313,315,300,
314,316,302,
301,317,299,
300,318,301,
302,319,303,
299,320,304,
303,321,305,
304,322,306,
305,323,307,
306,324,308,
307,325,309,
308,326,310,
309,327,311,
312,326,328,
311,329,313,
314,328,330,
326,324,33,
327,325,33,
328,326,33,
329,327,33,
330,328,33,
315,329,33,
316,330,33,
317,318,33,
318,315,33,
319,316,33,
320,317,33,
321,319,33,
322,320,33,
323,321,33,
324,322,33,
325,323,33,
331,332,333,
334,335,336,
333,337,338,
336,339,340,
338,341,342,
340,343,344,
342,345,346,
344,347,348,
346,349,350,
348,351,352,
350,353,354,
352,355,356,
357,358,359,
354,360,357,
356,361,331,
359,362,334,
331,363,364,
334,365,366,
333,367,363,
336,368,365,
342,367,338,
344,368,340,
346,369,342,
344,370,371,
350,372,346,
352,370,348,
354,373,350,
352,374,375,
357,376,377,
354,377,378,
331,374,356,
359,366,376,
371,379,380,
372,381,382,
375,379,370,
373,383,381,
375,384,385,
377,386,387,
378,387,383,
364,384,374,
366,386,376,
364,388,389,
365,390,366,
367,388,363,
368,391,365,
369,392,367,
368,380,393,
369,382,394,
388,392,50,
391,393,50,
392,394,50,
393,380,50,
394,382,50,
380,379,50,
382,381,50,
379,385,50,
381,383,50,
385,384,50,
387,386,50,
383,387,50,
384,389,50,
386,390,50,
389,388,50,
390,391,50,
358,395,396,
353,395,360,
361,397,398,
358,399,362,
361,400,332,
335,399,401,
337,400,402,
339,401,403,
341,402,404,
339,405,343,
341,406,345,
343,407,347,
345,408,349,
351,407,409,
353,408,410,
351,397,355,
408,411,410,
409,412,397,
396,413,414,
395,411,413,
398,412,415,
396,416,399,
398,417,400,
401,416,418,
400,419,402,
401,420,403,
402,421,404,
403,422,405,
406,421,423,
405,424,407,
406,425,408,
407,426,409,
422,420,33,
423,421,33,
424,422,33,
425,423,33,
426,424,33,
411,425,33,
412,426,33,
414,413,33,
413,411,33,
415,412,33,
416,414,33,
417,415,33,
418,416,33,
419,417,33,
420,418,33,
421,419,33,
427,428,429,
430,431,432,
429,433,434,
435,431,436,
434,437,438,
435,439,440,
441,437,442,
443,439,444,
445,442,446,
443,447,448,
449,450,451,
445,452,449,
448,453,454,
455,450,456,
454,457,427,
455,458,430,
427,429,50,
430,432,50,
429,434,50,
432,435,50,
434,438,50,
435,440,50,
438,441,50,
440,443,50,
441,445,50,
443,448,50,
449,451,50,
445,449,50,
448,454,50,
451,455,50,
454,427,50,
455,430,50,
456,459,460,
457,461,462,
458,460,463,
457,464,428,
431,463,465,
428,466,433,
431,467,436,
437,466,468,
436,469,439,
437,470,442,
439,471,444,
442,472,446,
447,471,473,
450,474,459,
452,472,474,
447,461,453,
461,475,462,
460,476,463,
473,477,461,
472,478,474,
459,479,460,
473,480,481,
470,482,472,
474,483,459,
469,480,471,
468,484,470,
467,485,469,
466,486,468,
465,487,467,
464,488,466,
463,489,465,
464,475,490,
491,492,493,
494,495,496,
497,493,498,
499,494,500,
501,498,502,
503,500,504,
505,502,506,
507,504,508,
509,505,506,
510,508,511,
512,513,514,
515,509,513,
516,510,511,
517,512,514,
518,516,492,
495,517,496,
492,33,493,
496,33,494,
493,33,498,
494,33,500,
498,33,502,
500,33,504,
502,33,506,
504,33,508,
506,33,509,
508,33,511,
513,33,514,
509,33,513,
511,33,516,
514,33,517,
516,33,492,
517,33,496,
519,520,512,
518,521,522,
495,523,519,
524,518,491,
525,526,495,
527,491,497,
528,525,499,
529,497,501,
530,499,503,
531,501,505,
532,503,507,
533,505,534,
510,532,507,
520,515,512,
515,533,534,
521,510,522,
475,521,535,
476,523,526,
477,536,521,
478,533,537,
479,520,523,
481,532,536,
482,531,533,
483,537,520,
480,530,532,
484,529,531,
485,528,530,
486,527,529,
487,538,528,
488,524,527,
489,526,538,
490,535,524,
539,50,540,
541,50,542,
543,50,544,
545,50,539,
546,50,541,
547,50,543,
548,50,545,
549,50,546,
550,50,547,
551,50,548,
552,50,549,
553,50,550,
554,50,551,
555,50,552,
556,50,553,
557,50,558,
559,50,554,
560,50,555,
558,50,556,
561,50,557,
562,50,559,
540,50,560,
542,50,561,
544,50,562,
563,539,540,
564,541,542,
565,543,544,
566,545,539,
567,546,541,
568,547,543,
569,548,545,
570,549,546,
571,550,547,
548,572,551,
573,552,549,
574,553,550,
572,554,551,
575,555,552,
576,556,553,
577,557,558,
578,559,554,
579,560,555,
580,558,556,
581,561,557,
582,562,559,
583,540,560,
584,542,561,
585,544,562,
564,561,542,
580,558,577,
583,555,560,
582,554,559,
584,557,561,
576,556,580,
579,552,555,
572,554,578,
581,558,557,
576,550,553,
575,549,552,
586,551,572,
571,550,574,
570,549,573,
569,548,586,
571,543,547,
566,545,569,
568,544,543,
567,546,570,
563,539,566,
565,562,544,
567,542,541,
563,560,540,
582,562,585,
548,572,551,
547,574,550,
549,570,573,
545,586,548,
543,571,547,
546,567,570,
539,569,545,
544,568,543,
541,564,567,
540,566,539,
562,565,544,
542,584,564,
560,563,540,
559,585,562,
561,581,584,
556,577,558,
555,583,560,
554,582,559,
557,577,581,
556,576,580,
552,579,555,
551,578,554,
550,576,553,
549,575,552,
563,560,540,
582,562,585,
581,561,584,
580,558,577,
579,560,583,
582,554,559,
581,558,557,
580,553,556,
579,552,555,
572,554,578,
574,553,576,
575,549,552,
586,551,572,
571,550,574,
570,549,573,
569,548,586,
571,543,547,
570,541,546,
566,545,569,
568,544,543,
567,542,541,
563,539,566,
565,562,544,
564,561,542,
547,574,550,
546,573,549,
545,586,548,
543,571,547,
541,570,546,
539,569,545,
544,568,543,
542,567,541,
540,566,539,
562,565,544,
561,564,542,
560,563,540,
559,585,562,
557,584,561,
556,577,558,
560,579,583,
554,582,559,
558,581,557,
556,576,580,
552,579,555,
551,578,554,
550,576,553,
549,575,552,
548,572,551,
563,560,540,
582,562,585,
581,561,584,
580,558,577,
579,560,583,
582,554,559,
581,558,557,
580,553,556,
575,555,579,
572,554,578,
576,550,553,
573,552,575,
586,551,572,
571,550,574,
573,546,549,
586,545,548,
571,543,547,
567,546,570,
566,545,569,
568,544,543,
567,542,541,
566,540,539,
585,544,565,
584,542,564,
587,588,484,
589,590,489,
481,591,592,
593,594,587,
595,596,589,
597,598,481,
488,599,593,
479,600,595,
597,601,602,
603,604,488,
605,606,479,
485,601,607,
608,609,603,
610,611,605,
612,613,478,
614,615,485,
475,616,608,
478,617,610,
612,618,619,
620,621,614,
622,623,475,
484,618,624,
489,625,620,
592,626,622,
588,594,33,
590,596,33,
591,598,33,
594,599,33,
596,600,33,
598,602,33,
599,604,33,
600,606,33,
602,601,33,
604,609,33,
606,611,33,
601,615,33,
609,616,33,
611,617,33,
613,619,33,
615,621,33,
616,623,33,
617,613,33,
619,618,33,
621,625,33,
623,626,33,
618,588,33,
625,590,33,
626,591,33,
602,601,33,
600,606,33,
599,604,33,
598,602,33,
596,600,33,
594,599,33,
591,598,33,
590,596,33,
588,594,33,
626,591,33,
625,590,33,
618,588,33,
623,626,33,
621,625,33,
619,618,33,
617,613,33,
616,623,33,
615,621,33,
613,619,33,
611,617,33,
609,616,33,
601,615,33,
606,611,33,
604,609,33,
602,627,601,
600,628,606,
599,629,604,
598,630,602,
596,631,600,
594,632,599,
591,633,598,
590,634,596,
588,635,594,
591,636,637,
625,638,590,
618,639,588,
623,636,626,
621,640,625,
619,641,618,
617,642,613,
616,643,623,
615,644,621,
613,645,619,
611,646,617,
609,647,616,
601,648,615,
606,649,611,
604,650,609,
628,611,649,
613,645,642,
615,644,648,
647,623,643,
649,617,646,
619,641,645,
644,625,640,
623,636,643,
646,613,642,
641,588,639,
640,590,638,
626,637,636,
588,635,639,
590,634,638,
591,633,637,
635,599,632,
598,630,633,
632,604,629,
596,631,634,
602,627,630,
629,609,650,
600,628,631,
627,615,648,
609,647,650,
636,591,626,
639,594,588,
638,596,590,
637,598,591,
635,599,594,
634,600,596,
598,630,602,
632,604,599,
631,606,600,
602,627,601,
629,609,604,
628,611,606,
601,648,615,
650,616,609,
649,617,611,
642,619,613,
615,644,621,
647,623,616,
646,613,617,
619,641,618,
644,625,621,
643,626,623,
641,588,618,
640,590,625,
627,615,648,
609,647,650,
611,646,649,
613,645,642,
615,644,648,
647,623,643,
646,613,642,
645,618,641,
644,625,640,
623,636,643,
618,639,641,
640,590,638,
626,637,636,
588,635,639,
590,634,638,
591,633,637,
635,599,632,
634,600,631,
598,630,633,
632,604,629,
631,606,628,
602,627,630,
629,609,650,
628,611,649,
639,594,588,
638,596,590,
637,598,591,
635,599,594,
634,600,596,
633,602,598,
632,604,599,
600,628,606,
630,601,602,
629,609,604,
628,611,606,
627,615,601,
650,616,609,
649,617,611,
642,619,613,
648,621,615,
647,623,616,
646,613,617,
619,641,618,
644,625,621,
643,626,623,
641,588,618,
640,590,625,
636,591,626,
627,615,648,
609,647,650,
611,646,649,
613,645,642,
615,644,648,
647,623,643,
646,613,642,
645,618,641,
621,640,644,
623,636,643,
641,588,639,
625,638,640,
626,637,636,
588,635,639,
638,596,634,
637,598,633,
635,599,632,
596,631,634,
598,630,633,
632,604,629,
631,606,628,
630,601,627,
604,650,629,
606,649,628,
550,587,484,
549,589,489,
548,481,592,
547,593,587,
546,595,589,
545,597,481,
543,488,593,
595,542,479,
539,607,597,
544,603,488,
542,605,479,
540,485,607,
562,608,603,
561,610,605,
558,612,478,
560,614,485,
559,475,608,
557,478,610,
612,553,624,
555,620,614,
554,622,475,
553,484,624,
552,489,620,
551,592,622,
550,50,547,
549,50,546,
548,50,545,
547,50,543,
546,50,541,
545,50,539,
543,50,544,
541,50,542,
539,50,540,
544,50,562,
542,50,561,
540,50,560,
562,50,559,
561,50,557,
558,50,556,
560,50,555,
559,50,554,
557,50,558,
556,50,553,
555,50,552,
554,50,551,
553,50,550,
552,50,549,
551,50,548,
651,652,653,
654,653,655,
656,654,655,
657,658,659,
50,657,660,
661,662,663,
661,664,665,
666,667,668,
669,670,666,
671,656,655,
671,653,672,
653,673,672,
661,674,675,
676,677,665,
50,678,679,
680,663,662,
665,681,661,
672,682,683,
684,672,683,
684,685,671,
659,667,670,
686,659,670,
687,664,663,
688,678,664,
689,690,691,
658,687,667,
668,687,680,
692,691,690,
693,656,685,
669,656,686,
677,694,695,
681,695,696,
674,696,697,
695,698,699,
696,699,700,
697,700,701,
698,702,699,
700,702,703,
700,704,701,
703,705,704,
706,707,702,
702,708,703,
707,709,710,
708,710,711,
708,712,705,
710,713,714,
711,714,715,
711,716,712,
717,718,719,
717,720,721,
714,722,723,
715,723,724,
716,724,725,
726,727,728,
728,729,730,
730,731,732,
733,734,735,
736,735,737,
736,738,739,
734,740,735,
735,741,737,
737,742,738,
743,744,745,
746,747,743,
720,691,746,
729,739,731,
727,736,729,
748,733,727,
717,725,724,
749,724,723,
750,723,722,
749,689,720,
751,752,740,
741,752,753,
741,754,742,
755,756,752,
752,757,753,
753,758,754,
756,759,760,
757,760,761,
757,762,758,
760,763,764,
761,764,765,
761,766,762,
767,768,769,
770,769,771,
770,772,773,
765,773,766,
765,767,770,
764,774,767,
775,776,777,
777,778,779,
779,780,781,
782,781,783,
784,779,782,
785,777,784,
768,784,769,
769,782,771,
771,783,772,
786,787,788,
789,788,790,
789,791,792,
778,792,780,
778,786,789,
776,793,786,
794,50,795,
796,797,798,
798,799,800,
801,802,803,
804,803,805,
806,805,807,
808,809,810,
810,811,812,
812,813,814,
815,816,817,
815,818,819,
819,820,821,
817,822,823,
817,824,818,
818,825,820,
823,682,673,
826,824,652,
824,673,652,
797,827,799,
795,796,794,
828,829,797,
790,796,798,
790,800,791,
805,814,807,
805,810,812,
803,808,810,
829,806,827,
830,804,829,
831,801,830,
811,821,813,
809,819,811,
809,832,815,
721,745,718,
747,732,744,
721,746,743,
833,730,747,
834,835,836,
837,838,839,
840,836,841,
842,837,839,
843,840,841,
844,845,842,
846,847,848,
849,843,847,
850,844,851,
852,848,853,
854,850,851,
855,853,856,
857,858,854,
859,856,860,
861,857,835,
862,860,838,
834,835,836,
837,838,839,
840,836,841,
845,839,842,
863,841,843,
844,845,842,
846,847,848,
847,863,843,
850,844,851,
852,848,853,
858,851,854,
855,853,856,
864,854,857,
859,856,860,
861,857,835,
838,859,860,
834,835,836,
837,838,839,
840,836,841,
842,837,839,
863,841,843,
844,845,842,
846,847,848,
849,843,847,
851,865,844,
852,848,853,
858,851,854,
855,853,856,
864,854,857,
859,856,860,
861,857,835,
862,860,838,
834,835,836,
837,838,839,
866,836,841,
845,839,842,
863,841,843,
865,842,844,
846,847,848,
849,843,847,
850,844,851,
853,846,848,
867,851,854,
855,853,856,
868,854,857,
859,856,860,
869,857,835,
862,860,838,
834,835,836,
870,871,872,
840,836,841,
873,872,874,
863,841,843,
875,874,876,
846,847,848,
847,863,843,
877,876,878,
852,848,853,
879,877,878,
855,853,856,
880,879,857,
881,856,860,
861,857,835,
882,860,871,
883,884,885,
883,886,887,
888,886,889,
890,891,888,
890,892,893,
894,895,892,
896,895,897,
896,898,899,
900,901,898,
902,903,901,
904,903,905,
906,907,904,
908,909,906,
910,911,908,
912,913,910,
912,914,915,
916,917,914,
918,884,917,
919,885,918,
920,918,916,
921,916,912,
921,910,922,
923,910,908,
923,906,924,
924,904,925,
925,905,926,
926,902,927,
927,900,928,
928,896,929,
929,897,930,
931,897,894,
932,894,890,
932,888,933,
934,888,889,
934,883,935,
936,883,885,
937,935,936,
938,935,939,
938,933,934,
940,932,933,
941,932,942,
943,931,941,
944,930,943,
944,928,929,
945,927,928,
946,926,927,
947,926,948,
949,925,947,
949,923,924,
950,922,923,
951,922,952,
953,921,951,
954,920,953,
937,919,954,
955,956,957,
958,959,960,
961,962,963,
964,965,966,
967,968,969,
970,968,971,
972,971,973,
974,973,975,
974,976,977,
976,978,977,
978,979,980,
981,979,982,
981,983,984,
984,985,955,
986,987,988,
989,990,986,
989,991,992,
993,991,994,
995,993,996,
997,995,996,
997,998,999,
1000,1001,998,
1002,1001,1003,
965,1004,1002,
967,964,963,
1005,964,966,
961,960,957,
988,960,959,
1006,957,956,
962,967,963,
990,955,987,
992,984,990,
992,980,981,
1007,980,991,
977,1007,995,
999,977,995,
999,972,974,
998,970,972,
1004,970,1001,
1008,969,1004,
958,963,964,
987,957,960,
1009,1010,1011,
1012,1013,1014,
1015,1016,1012,
1017,1018,1019,
1020,1021,1022,
1023,1024,1015,
1025,1026,1027,
1028,1009,1029,
1030,1031,1032,
1033,1034,1017,
1035,1036,1037,
1038,1036,1039,
1040,1041,1038,
1042,1043,1040,
1044,1045,1042,
1046,1047,1044,
1048,1049,1046,
1050,1051,1048,
1052,1053,1050,
1054,1055,1052,
1056,1057,1054,
1058,1059,1056,
1060,1061,1058,
1062,1063,1060,
1062,1064,1065,
1066,1064,1067,
1068,1069,1066,
1070,1071,1068,
1010,1072,1070,
1073,1074,1010,
1075,1076,1073,
1035,1077,1075,
1014,1078,1079,
1020,1080,1081,
1029,1011,1033,
1082,1035,1075,
1034,1068,1018,
1083,1067,1084,
1084,1062,1026,
1085,1058,1024,
1032,1086,1087,
1026,1060,1085,
1088,1089,1090,
1083,1068,1066,
1011,1070,1034,
1078,1050,1091,
1092,1046,1031,
1082,1073,1009,
1092,1050,1048,
1086,1042,1021,
1031,1044,1086,
1022,1042,1040,
1013,1052,1078,
1022,1038,1080,
1028,1090,1082,
1093,1084,1025,
1081,1089,1094,
1080,1039,1089,
1027,1085,1023,
1093,1018,1083,
1079,1091,1095,
1090,1039,1035,
1030,1091,1092,
1016,1054,1013,
1087,1021,1096,
1024,1056,1016,
50,50,50,
50,50,1097,
50,50,1097,
1097,50,50,
50,50,50,
50,50,50,
1098,1099,1100,
50,1101,50,
50,50,50,
50,50,50,
50,50,50,
50,50,50,
1097,50,1102,
1103,1104,1101,
50,50,50,
1105,50,690,
726,50,50,
50,50,50,
50,50,50,
1106,1107,1102,
1106,1102,1108,
1102,50,1108,
50,50,726,
1109,1098,1104,
50,50,726,
1110,1100,1111,
1112,1104,1103,
1110,1111,1113,
1099,1098,1109,
1109,1104,1114,
50,1103,1101,
1114,1115,1109,
1116,1110,1113,
690,50,726,
50,50,50,
1117,1118,1111,
50,50,50,
1119,1107,1120,
50,50,50,
50,50,50,
50,1116,50,
1104,1112,1114,
50,50,50,
50,50,690,
1119,1120,1121,
1122,1119,1121,
1123,1105,690,
50,50,50,
1122,1121,1124,
50,50,50,
1125,1115,1126,
1127,1105,1123,
1122,1124,1128,
1129,1127,1123,
1129,1123,1128,
50,50,50,
1130,1122,1123,
1116,1113,1131,
50,50,50,
50,50,50,
50,50,50,
1132,1133,1130,
50,50,50,
50,50,50,
50,50,50,
1134,1135,1118,
50,50,50,
1125,1126,50,
1123,1132,1130,
50,50,50,
50,50,50,
50,50,50,
50,50,50,
50,50,50,
1118,1117,1108,
50,50,50,
50,50,50,
50,50,50,
50,50,50,
50,50,50,
50,50,50,
50,1125,50,
50,50,50,
50,50,50,
50,50,50,
1136,1133,1132,
50,50,50,
50,50,50,
50,50,884,
1118,1113,1111,
50,50,50,
50,50,1135,
1136,1132,1137,
50,50,50,
50,50,50,
50,50,50,
1134,1118,1138,
1138,1118,1108,
1097,1136,1137,
50,50,50,
884,1097,50,
1116,1131,50,
50,50,50,
50,50,50,
50,50,50,
50,50,50,
50,50,50,
50,50,50,
50,1097,50,
50,50,50,
50,50,50,
50,50,50,
50,50,50,
50,1097,50,
50,50,50,
50,50,50,
50,50,50,
50,50,50,
50,50,1137,
50,50,50,
50,1137,50,
50,50,1137,
50,50,50,
50,50,1135,
50,50,50,
50,50,50,
50,50,50,
50,50,1108,
50,50,50,
50,50,50,
50,50,50,
50,50,50,
50,50,50,
50,50,50,
50,50,50,
50,50,50,
1138,1108,50,
50,50,50,
50,50,1108,
1100,1099,1111,
50,50,50,
1097,1137,50,
1123,1122,1128,
50,50,50,
1135,1134,1139,
50,50,50,
50,50,50,
50,1108,50,
1135,1139,50,
50,50,50,
50,50,50,
50,50,50,
50,50,50,
50,50,50,
50,50,1135,
50,50,50,
1115,1125,1109,
50,50,50,
50,50,50,
50,50,50,
50,50,50,
50,50,50,
50,50,50,
50,50,50,
50,50,50,
50,50,50,
50,50,50,
50,50,50,
50,50,50,
50,50,50,
50,50,50,
50,50,50,
50,50,50,
50,50,50,
50,50,1097,
50,50,50,
1107,1119,1102,
50,50,50,
50,50,50,
1108,50,50,
50,50,50,
50,50,50,
50,50,50,
50,50,50,
1140,1141,1142,
1143,1144,1145,
33,33,33,
1145,1145,1143,
33,33,33,
33,33,33,
33,33,33,
33,1146,1147,
33,33,33,
1145,1148,1145,
1149,1150,1151,
33,33,33,
33,33,33,
33,33,33,
33,33,33,
1145,1148,1145,
33,33,33,
1152,33,33,
33,33,33,
33,33,33,
33,33,33,
1152,33,1153,
1153,1152,1152,
33,33,33,
33,33,33,
1154,1152,1153,
1145,1145,1145,
33,1147,1147,
33,33,33,
1154,1155,1152,
33,33,33,
33,33,33,
33,33,33,
1142,1155,1154,
1142,1141,1155,
33,33,33,
33,33,33,
1144,1143,1145,
1156,1140,1142,
33,33,33,
33,33,33,
33,33,33,
33,33,33,
33,33,33,
1143,1145,1145,
33,1147,1145,
33,33,33,
33,33,33,
33,33,33,
33,1146,33,
33,1147,1146,
33,33,33,
33,33,33,
33,33,33,
1156,1151,1140,
1143,33,33,
1143,1157,33,
1156,1149,1151,
1158,1157,1143,
33,33,33,
1159,1157,1158,
33,33,33,
33,33,33,
1157,1150,1149,
33,33,33,
1160,1161,1149,
33,33,33,
33,33,33,
33,33,33,
33,33,1147,
33,33,33,
33,33,33,
33,33,33,
33,33,33,
33,33,33,
33,33,33,
33,33,33,
33,33,33,
33,33,33,
33,33,33,
33,33,33,
33,33,33,
33,33,33,
33,33,33,
33,33,33,
33,33,33,
1162,1161,1160,
33,33,33,
1161,1157,1149,
33,33,33,
33,33,33,
33,33,33,
1147,33,1152,
33,33,33,
33,33,33,
1144,1163,1162,
1147,1147,1147,
33,33,33,
33,33,33,
33,33,33,
1152,33,33,
33,33,33,
33,33,33,
1144,33,1152,
1144,1152,33,
33,33,33,
1147,1147,1147,
33,33,33,
33,33,33,
33,33,33,
33,33,1147,
1157,1159,1150,
1145,1144,1153,
33,33,33,
1163,1144,33,
33,33,33,
33,33,33,
33,33,33,
33,33,33,
33,1163,33,
33,33,33,
33,33,33,
1147,1147,1147,
33,33,33,
33,33,33,
33,1163,33,
33,33,33,
33,33,33,
33,33,33,
1144,1152,33,
33,33,33,
33,33,33,
33,1152,33,
33,1145,1153,
33,33,33,
33,33,33,
33,33,33,
33,33,33,
33,33,33,
1147,1148,1145,
33,33,33,
33,33,33,
33,33,33,
33,33,33,
33,33,33,
33,33,33,
33,33,33,
33,33,33,
33,33,33,
33,33,33,
33,33,33,
33,33,33,
33,33,33,
33,33,33,
33,33,33,
33,33,33,
33,33,33,
33,33,33,
33,33,33,
33,33,33,
33,33,33,
33,33,33,
33,33,33,
33,33,33,
33,33,33,
33,33,33,
33,33,33,
33,33,33,
1163,1161,1162,
33,33,33,
33,33,33,
33,33,33,
33,33,33,
33,33,33,
33,33,33,
33,33,33,
33,33,33,
33,33,33,
33,1163,33,
33,33,33,
33,33,33,
33,33,1145,
33,33,33,
33,33,33,
33,33,33,
33,33,33,
33,33,33,
33,33,33,
33,33,33,
33,33,33,
33,33,33,
33,33,33,
33,33,33,
1147,1152,1147,
33,33,33,
33,33,33,
1164,1165,1166,
1166,1167,1168,
1168,1169,1170,
1171,1172,1173,
1174,1175,1176,
1177,1176,1175,
1178,1179,1180,
1179,1181,1180,
1182,1170,1183,
1182,1166,1168,
1184,1166,1185,
1186,1175,1187,
1177,1188,1189,
1190,1191,1192,
1193,1176,1194,
1195,1177,1175,
1196,1185,1197,
1198,1185,1182,
1198,1183,1199,
1200,1173,1179,
1179,1201,1202,
1176,1203,1194,
1203,1204,1205,
1194,1171,1200,
1178,1194,1200,
1203,1206,1171,
1201,1170,1202,
1170,1181,1202,
1207,1208,1188,
1195,1209,1207,
1186,1210,1195,
1209,1211,1208,
1210,1212,1209,
1213,1214,1210,
1215,1211,1212,
1214,1215,1212,
1216,1214,1217,
1218,1219,1216,
1220,1221,1215,
1219,1220,1215,
1220,1222,1223,
1224,1225,1220,
1226,1224,1218,
1225,1227,1222,
1228,1229,1225,
1230,1228,1226,
1231,1232,1233,
1232,1234,1235,
1229,1236,1227,
1237,1238,1229,
1230,1239,1237,
1240,1241,1242,
1243,1242,1244,
1245,1244,1246,
1247,1248,1249,
1250,1251,1247,
1252,1250,1253,
1254,1248,1251,
1255,1251,1256,
1257,1256,1252,
1258,1259,1260,
1259,1192,1191,
1234,1261,1262,
1253,1243,1245,
1250,1240,1243,
1247,1263,1240,
1232,1264,1233,
1235,1239,1232,
1265,1238,1235,
1235,1262,1265,
1266,1267,1254,
1255,1266,1254,
1268,1255,1257,
1269,1270,1266,
1271,1266,1272,
1273,1272,1268,
1274,1275,1276,
1277,1278,1274,
1279,1277,1280,
1278,1281,1275,
1282,1283,1278,
1283,1284,1281,
1285,1286,1283,
1287,1288,1285,
1289,1290,1291,
1292,1289,1293,
1294,1295,1292,
1296,1292,1297,
1298,1299,1297,
1286,1300,1284,
1297,1286,1288,
1301,1297,1288,
1302,1303,1304,
1304,1305,1306,
1306,1307,1308,
1309,1304,1295,
1295,1306,1289,
1289,1308,1290,
1196,1310,1184,
1164,1311,1312,
1184,1313,1164,
1242,1190,1192,
1260,1314,1231,
1246,1315,1258,
1314,1191,1234,
1244,1192,1315,
861,836,834,
862,839,837,
834,841,840,
837,842,845,
840,843,863,
845,844,865,
849,848,846,
863,847,849,
865,851,850,
846,853,852,
850,854,858,
852,856,855,
858,857,864,
855,860,859,
864,835,861,
859,838,862,
861,836,834,
862,839,837,
834,841,840,
837,842,845,
840,843,863,
845,844,865,
849,848,846,
863,847,849,
865,851,850,
846,853,852,
850,854,858,
852,856,855,
858,857,864,
855,860,859,
864,835,861,
859,838,862,
1316,1317,1318,
1319,839,1320,
1318,1321,840,
1320,842,1322,
840,1323,863,
1322,1324,1325,
1326,1327,1328,
863,1329,1326,
1325,1330,1331,
1328,853,1332,
1331,1333,1334,
1332,856,1335,
1334,1336,1337,
1335,860,1338,
1337,1339,1316,
1338,838,1319,
861,836,834,
862,1340,837,
834,841,840,
837,1341,845,
840,843,863,
845,1342,865,
849,848,846,
863,847,849,
865,1343,850,
846,853,852,
850,1344,858,
852,856,855,
858,1345,864,
855,860,859,
864,1346,861,
859,1347,862,
861,836,834,
1348,1349,1350,
834,841,840,
1350,1351,1352,
840,843,863,
1352,1353,1354,
849,848,846,
863,847,849,
1354,1355,1356,
846,853,852,
1356,1357,1358,
852,856,855,
1358,1345,864,
855,860,859,
864,835,861,
859,1359,1348,
1360,1361,1362,
1361,1363,1364,
1363,1365,1364,
1366,1367,1365,
1367,1368,1369,
1369,1370,1371,
1370,1372,1371,
1372,1373,1374,
1374,1375,1376,
1376,1377,1378,
1377,1379,1378,
1380,1381,1379,
1382,1383,1381,
1384,1385,1383,
1386,1387,1385,
1387,1388,1389,
1389,1390,1391,
1391,1360,1362,
1392,1362,1393,
1394,1391,1392,
1395,1389,1394,
1385,1395,1396,
1397,1385,1396,
1381,1397,1398,
1379,1398,1399,
1378,1399,1400,
1376,1400,1401,
1374,1401,1402,
1372,1402,1403,
1371,1403,1404,
1405,1371,1404,
1406,1369,1405,
1365,1406,1407,
1408,1365,1407,
1361,1408,1409,
1393,1361,1409,
1410,1409,1411,
1409,1412,1411,
1412,1407,1413,
1413,1406,1414,
1406,1415,1414,
1405,1416,1415,
1404,1417,1416,
1417,1402,1418,
1418,1401,1419,
1419,1400,1420,
1400,1421,1420,
1399,1422,1421,
1422,1397,1423,
1423,1396,1424,
1396,1425,1424,
1395,1426,1425,
1394,1427,1426,
1392,1410,1427,
1428,1429,1430,
1431,1432,1433,
1434,1435,1436,
1437,1438,1434,
1439,1436,1440,
1438,1441,1435,
1442,1443,1444,
1444,1445,1446,
1445,1447,1446,
1448,1432,1447,
1431,1449,1450,
1431,1429,1451,
1452,1430,1453,
1454,1439,1440,
1455,1434,1439,
1456,1457,1438,
1458,1459,1443,
1443,1460,1445,
1460,1448,1445,
1461,1433,1448,
1450,1430,1431,
1428,1455,1439,
1462,1463,1464,
1465,1466,1467,
1468,1469,1466,
1466,1470,1463,
1471,1466,1463,
1463,1472,1464,
1456,1473,1474,
1453,1475,1452,
1449,1476,1477,
1478,1479,1459,
1449,1480,1450,
1453,1480,1481,
1459,1482,1460,
1455,1473,1437,
1455,1475,1483,
1460,1476,1461,
1484,1474,1485,
1305,1486,1307,
1303,1487,1305,
1488,1489,1303,
1487,1490,1486,
1489,1491,1487,
1492,1493,1489,
1491,1494,1490,
1493,1495,1491,
1496,1497,1493,
1287,1282,1279,
1280,1271,1273,
1277,1269,1271,
1274,1498,1269,
1499,1500,1478,
1458,1499,1478,
1501,1502,1503,
1499,1504,1502,
1505,1506,1504,
1442,1505,1458,
1503,1507,1508,
1507,1502,1509,
1504,1510,1511,
1508,1512,1513,
1507,1514,1512,
1515,1516,1514,
1513,1517,1518,
1512,1519,1517,
1514,1520,1519,
1518,1521,1522,
1517,1523,1521,
1519,1524,1523,
1522,1525,1526,
1523,1525,1521,
1524,1527,1523,
1528,1529,1530,
1529,1531,1530,
1531,1532,1533,
1534,1535,1310,
1310,1536,1313,
1313,1537,1311,
1538,1539,1535,
1535,1540,1536,
1536,1541,1537,
1542,1543,1539,
1539,1544,1540,
1540,1545,1541,
1546,1547,1548,
1549,1543,1546,
1545,1549,1550,
1550,1469,1551,
1469,1546,1470,
1470,1548,1472,
1552,1553,1554,
1555,1556,1552,
1554,1557,1558,
1465,1554,1558,
1471,1555,1552,
1467,1552,1554,
1559,1560,1561,
1562,1563,1559,
1564,1565,1562,
1566,1567,1515,
1568,1569,1293,
1570,1571,1572,
1573,1572,1571,
1574,1575,1576,
1576,1577,1574,
33,33,33,
33,33,33,
33,33,33,
33,33,33,
33,33,33,
1578,1579,1580,
33,1578,1147,
33,33,33,
1581,1580,1582,
1570,1583,1584,
1583,1579,1584,
1585,1586,1587,
33,33,33,
33,33,33,
33,1588,33,
33,33,33,
33,33,33,
33,33,33,
33,33,33,
33,1588,1146,
1588,33,33,
33,33,1589,
33,33,33,
33,33,33,
1590,1591,1592,
1152,1578,1581,
1147,33,33,
33,33,33,
33,33,33,
1593,1594,1595,
33,33,1596,
33,33,33,
1597,1598,1588,
33,33,1599,
1600,1601,1602,
33,33,33,
1597,1603,1598,
33,1599,33,
1597,1604,1603,
1605,1604,1597,
33,33,33,
33,33,33,
33,33,33,
33,33,33,
33,33,33,
1163,1599,33,
1605,1606,1604,
1163,1607,1599,
1608,1607,1163,
1605,1609,1606,
1582,33,1581,
1610,1607,1608,
1610,1609,1607,
1611,1612,1613,
1586,1607,1605,
1582,33,33,
1607,1586,1585,
1580,1579,1583,
1614,33,33,
1614,33,33,
33,1614,33,
33,33,1582,
1596,33,33,
1615,1616,1617,
1618,1585,1587,
1619,1620,1621,
33,33,33,
1622,1623,33,
1624,33,1614,
1618,1589,1585,
33,33,33,
1624,33,33,
33,1589,1618,
1578,1152,1147,
33,1625,33,
33,33,33,
33,33,33,
1624,33,33,
1588,1598,1146,
33,33,33,
33,33,33,
1626,1590,1627,
1628,1629,1590,
33,33,33,
33,33,33,
33,33,33,
33,33,33,
33,33,33,
33,33,33,
33,33,33,
33,33,33,
33,33,33,
33,33,33,
33,33,33,
33,1589,33,
33,33,33,
33,33,1589,
1621,1620,1617,
33,33,33,
33,33,33,
33,33,33,
33,33,33,
1595,1621,1593,
33,33,33,
33,33,33,
33,1623,33,
33,33,33,
33,1623,33,
33,33,1623,
1614,33,33,
33,33,33,
1630,1629,1631,
1596,1632,1158,
33,33,1625,
1619,1621,1633,
33,33,33,
1634,1601,1635,
1627,1590,1636,
1617,1616,1621,
33,33,33,
1590,1637,1632,
1637,1626,1638,
33,33,1639,
1621,1640,1633,
1619,1641,1620,
1641,1642,1620,
1640,1621,1595,
1602,1601,1622,
33,33,33,
33,33,1624,
1642,1631,1620,
1620,1631,1629,
1607,1609,1605,
1643,1644,1632,
1590,1592,1645,
1646,1158,1632,
33,33,1596,
1581,1578,1580,
1594,1593,1638,
1637,1643,1632,
1638,1593,1637,
33,1623,33,
33,33,1596,
1630,1591,1629,
1601,1646,1632,
33,33,33,
1547,1543,1542,
33,33,1596,
1626,1637,1590,
33,33,33,
1639,33,1647,
1590,1629,1591,
1601,1623,1622,
1639,1647,1628,
33,1596,1158,
1639,1628,1590,
1636,1590,1645,
33,33,33,
1644,1601,1632,
1596,33,33,
33,33,33,
1648,1649,1650,
1611,1650,1651,
1652,1649,1648,
1650,1649,1651,
1653,1654,1655,
1653,1656,1654,
1652,1654,1656,
1612,1611,1651,
1612,1577,1613,
1649,1652,1656,
50,50,50,
1657,1658,1659,
50,1660,1661,
1662,1661,1663,
50,50,50,
1664,1665,1666,
1667,1668,1669,
1663,1662,1662,
1662,1661,1662,
1670,1671,1672,
50,50,50,
50,50,50,
50,50,50,
1673,1674,50,
1675,1676,1677,
1678,1679,1680,
50,50,50,
1661,1681,1661,
50,1108,50,
1664,1682,1665,
1678,1680,1666,
1673,1683,1674,
50,50,50,
50,50,50,
1684,1685,1686,
1687,1660,1688,
1660,1663,1661,
50,50,50,
1689,1687,1690,
50,50,50,
50,50,50,
50,50,50,
50,50,50,
50,50,50,
1670,1691,1671,
1661,1681,1661,
1692,1684,1686,
1693,1689,1690,
50,50,50,
1693,1694,1689,
50,1695,50,
1673,50,50,
1696,1697,1672,
1679,1678,1685,
1665,1678,1666,
50,50,50,
1698,1665,1682,
1663,1661,50,
1699,1700,1694,
1695,50,50,
50,1673,50,
1698,1658,1665,
1684,1679,1685,
1659,1658,1698,
1696,1700,1699,
1695,1697,1661,
1695,1661,50,
1701,1697,1696,
1697,1701,1661,
1702,1703,1704,
50,50,50,
1705,1706,1707,
1702,1704,1708,
1705,1702,1708,
1700,1696,1672,
1697,1670,1672,
1675,1657,1659,
1703,1692,1704,
50,50,50,
50,50,50,
50,50,50,
50,50,50,
50,50,50,
1709,1664,1681,
1692,1686,1704,
1710,1711,1712,
1108,690,1675,
1709,1681,1661,
1667,1713,1714,
50,50,50,
1712,1711,1715,
1670,1661,1691,
50,50,50,
1661,1663,1691,
1687,1688,1690,
50,50,50,
50,50,50,
50,50,50,
50,690,1108,
1716,1717,1718,
50,50,50,
50,50,50,
1657,1675,1677,
50,1108,50,
1719,1657,1677,
50,1108,50,
50,50,50,
50,50,50,
1720,1657,1719,
50,1663,50,
1721,1657,1720,
1661,50,50,
1108,1663,50,
50,50,50,
50,50,50,
1669,1668,1721,
1661,50,50,
1722,1683,1718,
1723,1667,1669,
1661,1667,50,
1697,1661,1661,
50,50,50,
1715,1724,1712,
690,1667,1723,
1695,50,50,
50,1660,50,
50,50,1725,
1660,1108,1688,
50,50,50,
1667,690,690,
50,50,50,
50,50,50,
50,50,50,
50,50,50,
1726,1727,1725,
1694,1700,1689,
1724,1728,1718,
1713,1729,1714,
50,50,50,
50,50,50,
50,50,50,
1668,1657,1721,
1728,1716,1718,
1724,1718,1712,
1713,1730,1729,
50,50,50,
50,50,50,
1667,690,50,
1713,1727,1730,
1108,1660,50,
50,50,50,
50,50,50,
50,50,50,
1726,1731,1727,
1732,1726,1725,
50,50,50,
1717,1722,1718,
1724,1715,1733,
50,50,50,
1667,1714,1668,
1683,1722,1674,
1733,1715,1734,
1727,1731,1730,
50,50,50,
690,1676,1675,
50,50,50,
50,50,50,
50,50,50,
50,50,1725,
50,50,50,
1735,1732,1725,
50,50,50,
50,50,50,
50,1673,50,
1715,1732,1734,
1734,1732,1736,
50,50,50,
1736,1732,1735,
50,50,50,
1737,1735,1725,
50,1737,1725,
1662,1661,1661,
1664,1709,1682,
50,50,50,
50,50,50,
50,50,1725,
50,50,1725,
1708,1706,1705,
1164,1312,1165,
1166,1165,1167,
1168,1167,1169,
1174,1187,1175,
1177,1738,1176,
1178,1200,1179,
1179,1202,1181,
1182,1168,1170,
1182,1185,1166,
1184,1164,1166,
1186,1195,1175,
1177,1207,1188,
1193,1174,1176,
1195,1207,1177,
1196,1184,1185,
1198,1197,1185,
1198,1182,1183,
1200,1171,1173,
1179,1173,1201,
1176,1738,1203,
1194,1203,1171,
1178,1193,1194,
1203,1205,1206,
1201,1183,1170,
1170,1169,1181,
1207,1209,1208,
1195,1210,1209,
1186,1213,1210,
1209,1212,1211,
1210,1214,1212,
1213,1217,1214,
1215,1221,1211,
1214,1219,1215,
1216,1219,1214,
1218,1224,1219,
1220,1223,1221,
1219,1224,1220,
1220,1225,1222,
1224,1228,1225,
1226,1228,1224,
1225,1229,1227,
1228,1237,1229,
1230,1237,1228,
1231,1314,1232,
1232,1314,1234,
1229,1238,1236,
1237,1239,1238,
1230,1264,1239,
1240,1263,1241,
1243,1240,1242,
1245,1243,1244,
1247,1251,1248,
1250,1256,1251,
1252,1256,1250,
1254,1267,1248,
1255,1254,1251,
1257,1255,1256,
1258,1315,1259,
1259,1315,1192,
1253,1250,1243,
1250,1247,1240,
1247,1249,1263,
1232,1239,1264,
1235,1238,1239,
1265,1236,1238,
1235,1234,1262,
1266,1270,1267,
1255,1272,1266,
1268,1272,1255,
1269,1498,1270,
1271,1269,1266,
1273,1271,1272,
1274,1278,1275,
1277,1282,1278,
1279,1282,1277,
1278,1283,1281,
1282,1285,1283,
1283,1286,1284,
1285,1288,1286,
1287,1301,1288,
1568,1293,1291,
1293,1289,1291,
1292,1295,1289,
1294,1309,1295,
1296,1294,1292,
1297,1292,1569,
1292,1293,1569,
1739,1297,1569,
1286,1299,1300,
1297,1299,1286,
1301,1296,1297,
1302,1488,1303,
1304,1303,1305,
1306,1305,1307,
1309,1302,1304,
1295,1304,1306,
1289,1306,1308,
1196,1534,1310,
1164,1313,1311,
1184,1310,1313,
1242,1740,1190,
1260,1259,1314,
1246,1244,1315,
1314,1259,1191,
1244,1242,1192,
861,835,836,
862,838,839,
834,836,841,
837,839,842,
840,841,843,
845,842,844,
849,847,848,
863,843,847,
865,844,851,
846,848,853,
850,851,854,
852,853,856,
858,854,857,
855,856,860,
864,857,835,
859,860,838,
861,835,836,
862,838,839,
834,836,841,
837,839,842,
840,841,843,
845,842,844,
849,847,848,
863,843,847,
865,844,851,
846,848,853,
850,851,854,
852,853,856,
858,854,857,
855,856,860,
864,857,835,
859,860,838,
1316,1339,1317,
1319,838,839,
1318,1317,1321,
1320,839,842,
840,1321,1323,
1322,842,1324,
1326,1329,1327,
863,1323,1329,
1325,1324,1330,
1328,1327,853,
1331,1330,1333,
1332,853,856,
1334,1333,1336,
1335,856,860,
1337,1336,1339,
1338,860,838,
861,1346,836,
862,1347,1340,
834,836,841,
837,1340,1341,
840,841,843,
845,1341,1342,
849,847,848,
863,843,847,
865,1342,1343,
846,848,853,
850,1343,1344,
852,853,856,
858,1344,1345,
855,856,860,
864,1345,1346,
859,860,1347,
861,835,836,
1348,1359,1349,
834,836,841,
1350,1349,1351,
840,841,843,
1352,1351,1353,
849,847,848,
863,843,847,
1354,1353,1355,
846,848,853,
1356,1355,1357,
852,853,856,
1358,1357,1345,
855,856,860,
864,1345,835,
859,860,1359,
1360,1741,1361,
1361,1741,1363,
1363,1366,1365,
1366,1742,1367,
1367,1742,1368,
1369,1368,1370,
1370,1743,1372,
1372,1743,1373,
1374,1373,1375,
1376,1375,1377,
1377,1380,1379,
1380,1382,1381,
1382,1384,1383,
1384,1386,1385,
1386,1744,1387,
1387,1744,1388,
1389,1388,1390,
1391,1390,1360,
1392,1391,1362,
1394,1389,1391,
1395,1387,1389,
1385,1387,1395,
1397,1383,1385,
1381,1383,1397,
1379,1381,1398,
1378,1379,1399,
1376,1378,1400,
1374,1376,1401,
1372,1374,1402,
1371,1372,1403,
1405,1369,1371,
1406,1367,1369,
1365,1367,1406,
1408,1364,1365,
1361,1364,1408,
1393,1362,1361,
1410,1393,1409,
1409,1408,1412,
1412,1408,1407,
1413,1407,1406,
1406,1405,1415,
1405,1404,1416,
1404,1403,1417,
1417,1403,1402,
1418,1402,1401,
1419,1401,1400,
1400,1399,1421,
1399,1398,1422,
1422,1398,1397,
1423,1397,1396,
1396,1395,1425,
1395,1394,1426,
1394,1392,1427,
1392,1393,1410,
1428,1454,1429,
1431,1451,1432,
1434,1438,1435,
1437,1456,1438,
1439,1434,1436,
1438,1457,1441,
1442,1458,1443,
1444,1443,1445,
1445,1448,1447,
1448,1433,1432,
1431,1433,1449,
1431,1430,1429,
1452,1428,1430,
1454,1428,1439,
1455,1437,1434,
1456,1484,1457,
1458,1478,1459,
1443,1459,1460,
1460,1461,1448,
1461,1449,1433,
1450,1453,1430,
1428,1452,1455,
1462,1471,1463,
1465,1468,1466,
1468,1551,1469,
1466,1469,1470,
1471,1467,1466,
1463,1470,1472,
1456,1437,1473,
1453,1481,1475,
1449,1461,1476,
1478,1500,1479,
1449,1477,1480,
1453,1450,1480,
1459,1479,1482,
1455,1483,1473,
1455,1452,1475,
1460,1482,1476,
1484,1456,1474,
1305,1487,1486,
1303,1489,1487,
1488,1492,1489,
1487,1491,1490,
1489,1493,1491,
1492,1496,1493,
1491,1495,1494,
1493,1497,1495,
1496,1745,1497,
1287,1285,1282,
1280,1277,1271,
1277,1274,1269,
1274,1276,1498,
1499,1501,1500,
1458,1505,1499,
1501,1499,1502,
1499,1505,1504,
1505,1746,1506,
1442,1746,1505,
1503,1502,1507,
1502,1504,1511,
1509,1747,1507,
1747,1515,1507,
1502,1511,1509,
1504,1506,1510,
1508,1507,1512,
1507,1515,1514,
1515,1567,1516,
1513,1512,1517,
1512,1514,1519,
1514,1516,1520,
1518,1517,1521,
1517,1519,1523,
1519,1520,1524,
1522,1521,1525,
1523,1527,1525,
1656,1653,1748,
1528,1749,1529,
1529,1750,1531,
1531,1750,1532,
1534,1538,1535,
1310,1535,1536,
1313,1536,1537,
1538,1542,1539,
1535,1539,1540,
1536,1540,1541,
1601,1600,1635,
1539,1543,1544,
1540,1544,1545,
1546,1543,1547,
1549,1544,1543,
1545,1544,1549,
1550,1549,1469,
1469,1549,1546,
1470,1546,1548,
1552,1556,1553,
1555,1751,1556,
1554,1553,1557,
1465,1467,1554,
1471,1462,1555,
1467,1471,1552,
1559,1563,1560,
1562,1565,1563,
1564,1752,1565,
1515,1747,1753,
1753,1566,1515,
1570,1584,1571,
1573,1754,1572,
1574,1755,1575,
1576,1613,1577,
1754,1573,1756,
1575,1755,1756,
1755,1754,1756,
1601,1634,1646,
1757,1758,1759,
1760,1761,1762,
1759,1763,1764,
1765,1764,1763,
1766,1767,1765,
1768,1769,1766,
1770,1771,1768,
1772,1773,1774,
1775,1776,1772,
1773,1777,1774,
1778,1779,1777,
1779,1780,1770,
1775,1781,1782,
1783,1784,1781,
1785,1786,1784,
1787,1788,1786,
1789,1790,1791,
1792,1793,1794,
1795,1796,1793,
1797,1798,1799,
1798,1800,1801,
1800,1802,1801,
1803,1804,1802,
1805,1806,1804,
1796,1807,1808,
1808,1797,1799,
50,1661,1809,
1810,835,1811,
1812,1813,1814,
1811,1815,1816,
1812,1817,1818,
1819,1815,1820,
1821,1822,842,
1819,1823,1824,
1821,844,1825,
1826,1827,1828,
1827,1824,1823,
851,1825,844,
1829,1828,1830,
851,1831,1832,
1830,1833,1829,
1810,854,857,
1813,1834,1814,
1835,1836,1837,
1838,1839,1840,
1841,1842,1843,
1843,1844,1835,
1845,1846,1841,
1847,1848,1849,
1850,1849,1839,
1840,1851,1838,
1852,1791,1788,
1853,1854,1840,
1855,1837,1856,
1762,1857,1757,
1845,1858,1859,
1860,1848,1861,
1862,1863,1760,
1864,1861,1865,
1806,1866,1862,
1865,1867,1864,
1868,1869,1867,
1870,1871,1872,
1809,1870,1872,
50,50,50,
50,50,50,
50,50,50,
50,50,50,
1873,1794,1790,
1874,1875,1876,
1876,50,50,
50,50,50,
1147,1608,1877,
1859,1878,1879,
1880,1879,1878,
1881,1882,1880,
1883,1884,1885,
1886,1884,1608,
1887,1877,1888,
1889,1888,1890,
1152,1890,1891,
33,1891,1892,
1856,1893,1855,
1894,1892,1893,
33,1892,1147,
1844,1895,1836,
1844,1842,1895,
33,33,33,
33,33,33,
1895,1842,1846,
33,33,33,
1896,33,1895,
33,33,33,
1895,1846,1897,
1896,1895,1897,
33,33,33,
33,1896,33,
33,33,33,
33,33,33,
33,33,33,
33,33,33,
1838,1851,1898,
50,1899,1898,
50,50,50,
1898,1899,1900,
50,50,50,
50,50,50,
50,50,50,
1850,1838,1898,
50,50,50,
50,50,50,
50,50,50,
1757,1857,1758,
50,50,50,
1899,50,50,
1847,1898,1900,
1850,1898,1847,
50,50,50,
1760,1863,1761,
1759,1758,1763,
1765,1767,1764,
1766,1769,1767,
1768,1771,1769,
1770,1780,1771,
1772,1776,1773,
1775,1782,1776,
1773,1778,1777,
1778,1901,1779,
1779,1901,1780,
1775,1783,1781,
1783,1785,1784,
1785,1787,1786,
1787,1852,1788,
1789,1873,1790,
1792,1795,1793,
1795,1902,1796,
1797,1903,1798,
1798,1903,1800,
1800,1803,1802,
1803,1805,1804,
1805,1904,1806,
1796,1902,1807,
1808,1807,1797,
50,50,1661,
1810,857,835,
1812,1818,1813,
1811,835,1815,
1812,1822,1817,
1819,1816,1815,
1821,1817,1822,
1819,1820,1823,
1821,842,844,
1826,1905,1827,
1827,1905,1824,
851,1832,1825,
1829,1826,1828,
851,854,1831,
1830,1834,1833,
1810,1831,854,
1813,1833,1834,
1835,1844,1836,
1838,1850,1839,
1841,1846,1842,
1843,1842,1844,
1845,1897,1846,
1847,1900,1848,
1850,1847,1849,
1840,1854,1851,
1852,1789,1791,
1853,1874,1854,
1855,1835,1837,
1762,1761,1857,
1845,1841,1858,
1860,1849,1848,
1862,1866,1863,
1864,1860,1861,
1806,1904,1866,
1865,1868,1867,
1868,1871,1869,
1870,1869,1871,
1809,1661,1870,
50,50,50,
50,50,50,
50,50,50,
50,50,50,
1873,1792,1794,
1874,1853,1875,
1876,1875,50,
1147,1886,1608,
1859,1858,1878,
1880,1882,1879,
1881,1883,1882,
1883,1881,1884,
1886,1885,1884,
1887,1147,1877,
1889,1887,1888,
1152,1889,1890,
33,1152,1891,
1856,1894,1893,
1894,1147,1892,
1906,1907,1908,
1909,1910,1907,
1910,1911,1912,
1911,1913,1912,
1914,50,50,
1915,1916,1917,
1915,1918,1919,
1920,1915,1921,
1922,1920,1921,
1922,1914,1923,
1923,50,1924,
1913,1914,1925,
50,1911,50,
50,1926,1927,
1927,1909,1928,
1928,1906,1929,
1906,1930,1929,
1908,1931,1906,
1930,1932,1695,
1932,50,1695,
50,1933,50,
50,1934,1935,
1918,1923,1924,
1936,1937,1938,
1936,1939,1940,
1941,1939,1938,
1942,1938,1937,
1924,1943,1918,
1939,1944,1945,
1940,1945,1946,
1917,1947,1948,
1949,1950,1951,
1952,1950,1953,
1954,1955,1956,
1948,1957,1954,
1946,1951,1952,
1944,1951,1945,
1956,1958,1959,
1959,1960,1961,
1962,1963,1964,
1965,1966,1967,
1967,1968,1969,
1961,1970,1962,
1950,1969,1953,
1971,1967,1950,
1972,1973,1974,
1975,1976,1977,
1977,1978,1975,
1979,1980,1978,
1981,1943,1982,
1934,1983,1935,
1975,1984,1985,
1985,1986,1987,
1978,1988,1984,
1984,1989,1986,
1990,1991,1992,
1993,1994,1980,
1980,1983,1988,
1992,1985,1990,
1990,1987,1995,
1995,1973,1990,
1996,1997,1963,
1972,1992,1991,
1998,1974,1995,
1932,1999,2000,
1989,2001,1986,
1998,2002,2003,
1934,2001,2004,
1997,2003,2005,
1986,2006,1987,
1987,2002,1995,
1964,1963,2007,
1933,2008,1934,
1931,2009,1932,
2000,2010,2011,
1963,2005,2007,
1988,2004,1989,
50,1924,50,
2012,1924,50,
2013,1982,2012,
2014,1981,2013,
2015,1994,2014,
1935,2015,2016,
50,2016,50,
1907,2017,1908,
1910,2018,1907,
1912,2019,1910,
1913,2020,1912,
33,2021,33,
1915,2022,2023,
2024,1915,2023,
2004,2001,1989,
2025,1921,1915,
1922,2025,2026,
2021,1922,2026,
33,2026,2027,
2021,1913,1925,
33,2020,2028,
33,2019,2020,
2029,2018,2019,
2030,2017,2018,
2031,2017,2032,
2033,1908,2017,
2031,2034,2033,
33,2034,2035,
33,2036,2037,
33,2038,2036,
2024,2026,2025,
2039,2040,2041,
2042,2039,2043,
2042,2044,2045,
2046,2045,2044,
2047,2027,2024,
2042,2048,2049,
2043,2050,2042,
1917,2051,2022,
2052,2053,2054,
2055,2052,2054,
1954,2056,2057,
1948,2057,2051,
2058,2054,2050,
2054,2048,2050,
1956,2059,2056,
1959,2060,2059,
1962,2061,2062,
2063,2064,2065,
2066,2065,2067,
1961,2062,2060,
2052,2067,2065,
2068,2065,2064,
2069,2070,2071,
2072,2073,2074,
2074,2075,2076,
2076,2077,2078,
2079,2047,2078,
2038,2080,2081,
2073,2082,2075,
2083,2084,2082,
2075,2085,2077,
2082,2086,2085,
2087,2088,2069,
2078,2089,2079,
2077,2080,2089,
2090,2083,2073,
2087,2091,2083,
2092,2069,2071,
2093,2094,2061,
2090,2070,2088,
2071,2095,2092,
1999,2034,2096,
2001,2086,2084,
2095,2002,2092,
2001,2038,2081,
2093,2003,2095,
2006,2084,2091,
2002,2091,2092,
1964,2007,2061,
2008,2036,2038,
2009,2033,2034,
2010,2096,2037,
2061,2005,2093,
2085,2081,2080,
2097,2027,2098,
2099,2098,2079,
2100,2079,2089,
2101,2089,2080,
2101,2102,2103,
2103,33,33,
50,683,682,
50,751,734,
50,748,50,
50,713,709,
50,2104,50,
50,694,50,
50,2105,50,
50,676,50,
33,1037,33,
33,1057,1059,
665,678,676,
50,988,959,
50,966,50,
50,1002,50,
1117,986,1108,
1117,994,989,
1099,994,1111,
1125,996,1109,
1125,1000,997,
50,1000,50,
50,1003,50,
50,986,988,
33,651,33,
50,683,50,
33,651,654,
33,2106,33,
50,2107,684,
50,660,2107,
33,2106,669,
33,680,662,
33,674,33,
33,675,33,
33,680,33,
33,668,33,
33,669,666,
33,674,697,
33,697,701,
33,701,704,
50,698,50,
50,706,50,
33,704,705,
33,705,712,
33,716,1163,
33,744,33,
33,731,739,
33,742,33,
690,726,692,
33,731,33,
726,50,748,
50,2108,50,
33,739,738,
1161,719,1157,
1132,750,722,
1123,689,750,
1132,713,1137,
33,719,718,
1161,716,725,
50,751,50,
1145,742,754,
50,2109,755,
1145,758,1143,
1101,2109,50,
1145,758,762,
1104,759,1101,
1145,762,766,
1100,774,1098,
1110,775,785,
33,766,773,
1104,774,763,
33,773,772,
1116,2110,775,
33,783,33,
33,780,33,
1100,785,768,
33,781,33,
33,780,792,
50,2110,50,
33,792,791,
33,799,33,
50,2111,50,
33,806,33,
50,2112,808,
33,807,814,
50,832,50,
33,821,33,
50,816,50,
33,820,825,
50,822,50,
33,825,826,
33,827,33,
50,787,793,
50,795,50,
33,791,800,
50,802,50,
33,814,813,
50,2111,831,
33,806,807,
50,2112,50,
33,821,820,
33,732,33,
33,718,745,
50,848,847,
50,848,50,
50,856,853,
50,856,50,
50,838,860,
50,838,50,
50,842,839,
50,844,842,
50,844,50,
50,854,851,
50,854,50,
50,835,857,
50,835,50,
50,841,836,
50,841,50,
50,843,50,
33,846,33,
33,846,852,
33,855,33,
33,855,859,
33,862,33,
33,862,837,
33,845,33,
33,865,33,
33,865,850,
33,858,33,
33,858,864,
33,861,33,
33,861,834,
33,840,33,
33,840,863,
33,863,849,
50,848,847,
50,848,50,
50,856,853,
50,856,50,
50,838,860,
50,838,50,
50,842,839,
50,842,50,
50,844,50,
50,851,50,
50,857,854,
50,835,857,
50,835,50,
50,841,836,
50,843,841,
50,843,50,
33,846,33,
33,846,852,
33,855,33,
33,855,859,
33,862,33,
33,862,837,
33,845,33,
33,845,865,
33,865,850,
33,850,858,
33,864,33,
33,861,33,
33,861,834,
33,840,33,
33,863,33,
33,863,849,
50,848,847,
50,848,50,
50,856,853,
50,856,50,
50,838,860,
50,838,50,
50,842,839,
50,844,842,
50,844,50,
1139,851,50,
1139,857,854,
1134,835,857,
50,835,1138,
50,836,50,
50,843,841,
50,843,50,
33,846,33,
33,846,852,
33,855,33,
33,855,859,
33,862,33,
33,862,837,
33,845,33,
33,865,33,
33,865,850,
33,850,858,
33,864,33,
33,861,33,
33,861,834,
33,834,840,
33,863,33,
33,863,849,
50,847,50,
50,853,848,
50,856,853,
50,856,50,
50,838,860,
50,838,50,
50,842,839,
50,844,842,
50,844,50,
50,851,50,
50,854,50,
50,857,50,
50,836,835,
884,841,836,
50,843,841,
50,847,843,
33,849,846,
33,852,33,
33,855,33,
33,855,859,
33,862,33,
33,862,837,
33,845,33,
33,865,33,
33,865,850,
1147,850,867,
1147,867,868,
1147,869,1147,
33,869,834,
33,866,33,
1152,866,863,
1152,849,33,
50,848,847,
50,853,848,
1105,856,853,
1129,856,1127,
1129,871,860,
1124,871,1128,
1124,874,872,
1121,876,874,
1107,876,1120,
1107,879,878,
1108,879,1106,
1108,835,857,
50,835,50,
50,836,50,
50,843,841,
50,847,843,
33,849,846,
33,852,1143,
1143,855,1158,
1159,855,881,
1159,882,1150,
1151,882,870,
1151,873,1140,
1140,875,1141,
1155,875,877,
1155,2113,1152,
1152,2113,880,
1152,861,33,
33,861,834,
33,840,33,
33,840,863,
33,849,33,
884,50,917,
1097,884,887,
1136,887,886,
1133,893,1130,
1126,917,50,
1115,913,915,
1103,911,1112,
1103,907,909,
50,901,903,
1097,901,50,
1097,899,898,
1122,893,892,
1119,899,1102,
1112,913,1114,
1147,937,954,
1152,939,937,
1162,939,1144,
1160,942,940,
1147,954,953,
1146,952,1147,
1145,950,949,
1145,949,947,
1145,947,948,
1144,945,1153,
1154,945,944,
1149,941,942,
1142,944,943,
1148,952,950,
1147,951,1146,
1126,915,914,
1145,946,1144,
1142,941,1156,
1160,938,1162,
1133,886,891,
1119,892,895,
50,907,50,
33,976,975,
33,973,33,
33,971,33,
33,971,968,
33,968,2114,
33,962,1006,
33,985,33,
33,985,983,
33,983,982,
33,979,33,
33,979,2115,
33,976,33,
1099,996,993,
50,959,1005,
33,956,33,
50,966,965,
33,962,33,
33,1055,1057,
33,1055,33,
33,1063,33,
33,1059,1061,
33,1065,1064,
33,1063,1065,
33,1069,33,
33,1071,1072,
33,1071,33,
33,1072,1074,
33,1074,1076,
33,1036,33,
33,1077,33,
33,1036,1041,
33,1041,1043,
33,1043,1045,
33,1045,1047,
33,1051,33,
33,1053,33,
33,1047,1049,
1118,1094,1113,
1131,1094,1088,
50,1019,1093,
50,1012,50,
50,1079,50,
50,1079,1095,
50,1020,1135,
1135,1081,1118,
50,1095,1030,
50,1019,50,
50,1014,50,
50,1015,50,
50,1027,1023,
50,1027,50,
50,1093,1025,
50,1033,50,
50,1017,50,
50,1028,1029,
50,1088,1028,
50,1087,50,
50,1030,1032,
50,1096,50,
33,1197,33,
33,1267,33,
33,1263,1249,
33,1227,1589,
33,1223,1222,
1590,1208,1211,
1596,1189,1188,
1204,1177,1189,
1628,1440,1629,
1647,1451,1429,
33,1447,1432,
1617,1436,1435,
1582,1444,33,
33,1444,1446,
33,1446,1447,
1620,1440,1436,
50,1165,1312,
33,1197,1198,
50,1165,50,
50,1169,1167,
33,1199,1614,
50,1169,50,
50,1193,50,
50,1186,1187,
50,1187,1174,
50,1193,1178,
50,1178,1180,
50,1181,50,
50,1186,50,
1725,1213,50,
1727,1217,1725,
1639,1211,1221,
1639,1223,33,
1713,1216,1727,
1667,1218,1713,
1667,1230,1226,
50,1258,1260,
50,1245,50,
50,1257,1252,
33,1740,1241,
50,1245,1246,
33,1263,33,
33,1249,1248,
50,1253,50,
1670,1233,1264,
1585,1265,1607,
1607,1262,1599,
1585,1227,1236,
1695,1233,1697,
1670,1230,1661,
33,1267,1270,
1661,1257,50,
33,1498,33,
1661,1273,1268,
33,1276,33,
1662,1280,1273,
1579,1281,1284,
1664,1279,1681,
1578,1275,1281,
1666,1287,1664,
1611,1291,1290,
1666,1296,1301,
1679,1309,1294,
1680,1294,1296,
1692,1309,1684,
1650,1290,1308,
33,1196,33,
50,1312,1311,
1703,1302,1692,
1648,1308,1307,
50,1246,1258,
50,1231,1695,
33,846,33,
33,846,852,
33,855,33,
33,855,859,
33,862,33,
33,862,837,
33,845,33,
33,865,33,
33,865,850,
33,858,33,
33,858,864,
33,861,33,
33,861,834,
33,840,33,
33,840,863,
33,863,849,
50,848,847,
50,848,50,
50,856,853,
50,856,50,
50,838,860,
50,838,50,
50,842,839,
50,844,842,
50,844,50,
50,854,851,
50,854,50,
50,835,857,
50,835,50,
50,841,836,
50,841,50,
50,843,50,
1635,846,1634,
1646,846,852,
1646,855,1158,
33,855,859,
33,862,33,
33,862,837,
33,845,33,
33,845,865,
33,850,33,
33,850,858,
33,864,33,
33,864,861,
33,834,1622,
1622,840,1602,
1602,863,1600,
1635,863,849,
50,848,847,
50,848,50,
50,856,853,
50,856,50,
50,838,860,
50,838,50,
50,842,839,
50,842,50,
50,844,50,
50,851,50,
50,857,854,
50,835,857,
50,835,50,
50,841,836,
50,843,841,
50,843,50,
1630,1328,1591,
1592,1328,1332,
1592,1335,1645,
1636,1335,1338,
1627,1338,1319,
1627,1320,1626,
1626,1322,1638,
1594,1322,1325,
1595,1325,1331,
1640,1331,1334,
1633,1334,1337,
1633,1316,1619,
1641,1316,1318,
1642,1318,840,
1642,863,1631,
1630,863,1326,
1736,1327,1329,
1737,1327,1735,
1737,856,853,
50,856,50,
50,838,860,
50,838,50,
50,842,839,
1674,842,50,
1674,1330,1324,
1717,1330,1722,
1717,1336,1333,
1728,1336,1716,
1728,1317,1339,
1724,1321,1317,
1733,1323,1321,
1736,1323,1734,
33,846,33,
33,846,852,
33,855,33,
33,855,859,
33,862,33,
33,862,837,
33,845,33,
33,865,33,
33,865,850,
33,850,858,
33,864,33,
1625,864,861,
1625,834,33,
33,834,840,
33,863,33,
33,849,33,
50,848,847,
50,848,50,
50,856,853,
690,856,690,
690,1347,860,
1669,1347,1723,
1669,1341,1340,
1721,1342,1341,
1719,1342,1720,
1677,1343,1719,
1676,1344,1677,
690,1345,1676,
690,836,1346,
50,836,50,
50,843,841,
50,847,843,
33,849,846,
33,852,1163,
1608,852,855,
1610,855,859,
1610,1348,1609,
1609,1350,1606,
1604,1350,1352,
1604,1354,1603,
1598,1354,1356,
1598,1358,1146,
33,1358,864,
33,861,33,
33,834,33,
33,840,33,
33,840,863,
33,849,33,
50,847,50,
50,853,848,
1661,853,1661,
1701,856,1661,
1701,1359,860,
1696,1349,1359,
1694,1349,1699,
1694,1353,1351,
1690,1353,1693,
1690,1357,1355,
1108,1357,1688,
50,1345,1108,
50,835,50,
50,841,836,
50,841,50,
50,847,843,
33,1360,1390,
33,1741,1360,
1618,1741,33,
1587,1742,1366,
33,1390,1388,
1581,1386,1152,
33,1384,1382,
33,1382,1380,
33,1375,33,
33,1375,1373,
33,1743,1588,
1605,1742,1586,
1597,1743,1370,
1147,1386,1384,
1675,1410,1108,
1108,1411,1663,
1691,1411,1412,
1671,1414,1672,
1659,1427,1675,
1698,1424,1425,
1661,1423,1709,
1661,1422,1661,
1662,1421,1661,
1663,1418,1419,
1687,1418,1660,
1700,1414,1415,
1689,1417,1687,
1709,1424,1682,
1659,1425,1426,
33,1744,1581,
1662,1419,1420,
1689,1415,1416,
1671,1412,1413,
1587,1363,1618,
1597,1368,1605,
33,1380,1377,
1647,1454,1628,
33,1451,33,
1615,1435,1441,
1559,2116,2117,
1562,2117,2118,
1683,1468,1465,
50,1468,1673,
1593,1464,1637,
1643,1464,1472,
1710,1474,1711,
1731,1475,1481,
1729,1480,1477,
1715,1483,1732,
1711,1473,1715,
1658,1479,1500,
1657,1482,1479,
1714,1482,1668,
1729,1476,1714,
1731,1480,1730,
1726,1483,1475,
1562,2119,1564,
1648,1486,1652,
1703,1492,1488,
1654,1486,1490,
1705,1492,1702,
1530,2120,1528,
1530,2121,2122,
1531,2123,2121,
1655,1490,1494,
1707,1496,1705,
33,1276,1275,
1681,1280,1661,
1658,1501,1665,
1582,1746,1442,
1678,1501,1503,
1583,1746,1580,
1685,1503,1508,
1612,1566,1577,
1685,1513,1686,
1612,1516,1567,
1686,1518,1704,
1651,1520,1516,
1708,1518,1522,
1656,1520,1649,
1529,2124,1750,
1529,2125,2126,
1708,1526,1706,
33,1538,1534,
50,1537,50,
1623,1538,33,
50,1537,1541,
50,1541,1545,
1601,1548,1547,
50,1545,1550,
1644,1472,1548,
50,1551,50,
1565,2127,2128,
1563,2129,1560,
1565,2130,1563,
1621,1751,1555,
1718,1465,1558,
1621,1462,1593,
1718,1557,1712,
1572,1510,1570,
1755,1509,1754,
1579,1300,1584,
1574,1566,1753,
1576,1291,1613,
1571,1300,1299,
1572,1509,1511,
1575,1568,1576,
1583,1510,1506,
1574,1747,1755,
1571,1298,1573,
1575,1739,1569,
1656,1527,1524,
1573,1739,1756,
1632,1188,1208,
1601,1542,1623,
1745,2122,1497,
1497,2121,1495,
1495,2123,1494,
1748,1532,1750,
1525,2124,2126,
1526,2126,2125,
1706,1528,1707,
1655,1532,1653,
1745,1528,2120,
1655,2123,1533,
1748,2124,1527,
1706,2125,1749,
1457,2116,1441,
1484,2117,1457,
1484,2119,2118,
1557,2128,2127,
1751,2130,1556,
1556,2128,1553,
1615,1560,1616,
1710,1752,1564,
1615,2116,1561,
1710,2119,1485,
1557,1752,1712,
1751,1560,2129,
548,622,551,
549,620,552,
550,624,553,
551,475,554,
552,614,555,
556,624,612,
558,610,557,
554,608,559,
555,485,560,
556,478,558,
557,605,561,
559,603,562,
560,607,540,
561,479,542,
562,488,544,
540,597,539,
542,595,541,
544,593,543,
539,481,545,
541,589,546,
543,587,547,
545,592,548,
546,489,549,
547,484,550,
622,591,626,
620,590,625,
624,588,618,
475,626,623,
614,625,621,
619,624,618,
610,613,617,
608,623,616,
485,621,615,
478,619,613,
605,617,611,
603,616,609,
607,615,601,
479,611,606,
488,609,604,
597,601,602,
600,479,606,
593,604,599,
481,602,598,
589,600,596,
587,599,594,
592,598,591,
489,596,590,
484,594,588,
1936,1916,1919,
2131,1919,1918,
2131,1943,1937,
2132,1979,1977,
1942,1979,1941,
1942,1943,1993,
2132,1976,1944,
1946,1916,1940,
1971,1972,1974,
1952,1947,1946,
1949,1976,1972,
1953,1957,1952,
1953,1958,1955,
1968,1958,1969,
2133,1970,1966,
2133,1996,1963,
1971,1996,1965,
1968,1970,1960,
2039,2022,2043,
2041,2023,2039,
2041,2047,2024,
2049,2076,2044,
2046,2076,2078,
2046,2047,2040,
2049,2072,2074,
2058,2022,2051,
2068,2070,2053,
2055,2051,2057,
2053,2072,2048,
2134,2057,2056,
2134,2059,2067,
2066,2059,2060,
2135,2062,2061,
2135,2094,2064,
2068,2094,2071,
2066,2062,2063,
1896,1759,1764,
1879,1762,1859,
1845,1759,1897,
1899,1758,1900,
1865,1761,1863,
1848,1758,1857,
33,1764,1767,
50,1763,1899,
33,1769,33,
50,1766,1765,
33,1769,1771,
50,1766,50,
33,1771,1780,
50,1768,50,
33,1782,33,
50,1775,1772,
33,1773,33,
50,1774,1777,
33,1901,1778,
50,1779,50,
50,1770,50,
33,1780,1901,
50,1774,50,
33,1773,1776,
50,1783,1775,
33,1781,33,
50,1785,1783,
33,1784,33,
50,1787,1785,
33,1786,1895,
1851,1787,1898,
1836,1786,1788,
1874,1789,1854,
1836,1791,1837,
50,1792,1876,
1856,1794,1894,
50,1797,50,
50,1800,1903,
1872,1803,1809,
1871,1805,1872,
1147,1802,1886,
50,1803,1800,
50,1807,1902,
1152,1799,1889,
50,1797,1807,
50,1902,1795,
1891,1811,1892,
50,835,857,
1881,1813,1818,
1875,835,50,
1870,1812,1869,
1853,1823,1820,
50,842,1661,
1841,1905,1826,
1849,1827,1839,
1835,1905,1843,
1840,1827,1823,
50,851,844,
1860,1828,1849,
50,851,50,
1890,1832,1831,
1891,1831,1810,
50,854,50,
1878,1813,1880,
1864,1814,1834,
1869,1814,1867,
1853,1815,1875,
1661,1822,1870,
1860,1834,1830,
1851,1789,1852,
1856,1791,1790,
1845,1762,1757,
1848,1761,1861,
1882,1760,1879,
1865,1866,1868,
1883,1862,1882,
1871,1866,1904,
1874,1792,1873,
1147,1794,1793,
1877,1821,1825,
1855,1816,1819,
1608,1817,1821,
1855,1824,1835,
1887,1799,1798,
1887,1801,1147,
1885,1802,1804,
1883,1804,1806,
33,1808,1152,
1147,1796,33,
1893,1811,1816,
1888,1825,1832,
1858,1833,1878,
1881,1817,1884,
1858,1826,1829,
788,794,796,
831,828,795,
693,657,659,
50,679,2136,
691,833,746,
2136,688,658,
660,685,2107,
692,728,833,
33,1204,1189,
33,1206,1205,
1190,1740,1261,
1740,1599,1261,
1262,1261,1599,
1172,1201,1173,
1624,1172,1206,
2137,1199,1183,
2137,1614,1199,
1201,2137,1183,
2035,33,33,
2035,2101,2103,
2032,2101,2031,
2030,2100,2032,
2030,2097,2099,
33,2097,2029,
33,33,33,
2138,2037,2036,
33,2037,2096,
50,1695,50,
1695,2015,1930,
2015,1929,1930,
2014,1928,1929,
1928,2012,1927,
2012,50,1927,
50,50,50,
2011,2138,1933,
50,2011,50,
2001,2081,2086,
1,8,2,
4,10,5,
7,12,8,
9,14,10,
11,16,12,
13,18,14,
15,20,16,
17,22,18,
19,26,20,
21,28,22,
23,30,24,
19,25,24,
27,31,28,
29,32,30,
3,2,31,
6,5,32,
8,38,34,
5,10,35,
8,12,37,
14,39,35,
16,40,37,
18,42,39,
20,43,40,
18,22,41,
26,46,43,
28,48,41,
24,30,44,
24,45,46,
28,31,47,
32,49,44,
2,34,47,
5,36,49,
65,80,67,
68,70,54,
52,67,69,
70,71,53,
69,72,55,
71,73,56,
72,74,57,
73,98,58,
74,77,59,
58,98,75,
76,79,61,
77,76,62,
60,75,78,
79,81,64,
63,78,80,
81,68,66,
82,79,76,
87,81,79,
87,89,68,
91,70,68,
91,93,71,
93,95,73,
97,98,73,
97,86,75,
85,78,75,
85,88,80,
88,90,67,
92,69,67,
92,94,72,
96,74,72,
96,84,77,
84,83,76,
115,117,99,
116,118,101,
117,146,103,
118,120,104,
103,146,119,
120,122,106,
121,123,107,
119,121,108,
122,124,109,
123,125,110,
124,134,111,
125,127,112,
111,134,126,
127,128,114,
126,115,100,
128,116,102,
117,115,129,
118,116,131,
126,135,129,
116,128,133,
134,136,135,
127,138,133,
124,140,136,
127,125,137,
124,122,139,
119,144,141,
125,123,142,
120,145,139,
119,146,143,
123,121,141,
118,132,145,
117,130,143,
100,166,155,
156,171,101,
147,155,157,
101,171,158,
157,181,150,
149,158,159,
160,161,151,
150,181,160,
159,162,152,
161,163,110,
162,164,111,
163,165,153,
164,172,154,
165,167,114,
154,172,166,
167,156,148,
155,166,168,
156,174,170,
172,176,168,
156,167,173,
172,164,175,
165,178,173,
162,180,175,
165,163,177,
162,159,179,
181,185,182,
161,186,177,
159,158,183,
181,157,184,
161,160,182,
171,170,183,
155,169,184,
187,217,188,
190,218,191,
189,188,193,
192,191,195,
194,193,197,
196,195,199,
198,197,201,
200,199,203,
202,201,205,
204,203,207,
206,205,209,
208,207,211,
213,216,214,
210,209,216,
212,211,217,
215,214,218,
187,189,219,
190,192,221,
194,224,219,
192,196,223,
198,225,224,
200,227,223,
202,228,225,
200,204,226,
206,230,228,
204,208,229,
210,234,230,
208,212,231,
213,215,232,
210,213,233,
187,220,231,
215,190,222,
227,226,235,
228,230,237,
229,241,235,
230,234,239,
229,231,240,
232,243,242,
233,242,239,
220,245,240,
222,246,243,
220,219,244,
221,248,246,
224,249,244,
221,223,247,
225,250,249,
223,227,236,
225,228,238,
214,216,251,
209,266,251,
217,211,253,
214,252,255,
217,254,256,
191,218,255,
188,256,258,
191,257,259,
193,258,260,
195,259,261,
197,260,262,
199,261,263,
205,201,262,
207,203,263,
205,264,266,
207,265,253,
264,281,267,
265,282,268,
251,270,269,
266,267,270,
253,268,271,
252,269,272,
256,254,271,
257,255,272,
258,256,273,
259,257,274,
260,258,275,
259,276,278,
260,277,279,
261,278,280,
262,279,281,
265,263,280,
187,217,188,
190,218,191,
189,188,193,
192,191,195,
194,193,197,
196,195,199,
198,197,201,
200,199,203,
202,201,205,
204,203,207,
206,205,209,
208,207,211,
213,216,214,
210,209,216,
212,211,217,
215,214,218,
187,189,219,
192,221,222,
194,224,219,
196,223,221,
198,225,224,
200,227,223,
198,202,228,
200,204,226,
206,230,228,
208,229,226,
206,210,234,
208,212,231,
213,215,232,
210,213,233,
187,220,231,
190,222,232,
227,226,283,
228,230,285,
229,289,283,
230,234,287,
229,231,288,
233,232,290,
234,233,291,
220,293,288,
222,294,290,
220,219,292,
221,295,294,
224,296,292,
223,297,295,
225,298,296,
223,227,284,
225,228,286,
216,301,299,
216,209,300,
217,211,302,
214,299,304,
217,303,305,
191,218,304,
193,188,305,
195,191,306,
193,307,309,
195,308,310,
197,309,311,
199,310,312,
201,311,313,
207,203,312,
205,313,300,
207,314,302,
313,329,315,
314,330,316,
301,318,317,
300,315,318,
302,316,319,
299,317,320,
303,319,321,
304,320,322,
305,321,323,
306,322,324,
307,323,325,
308,324,326,
309,325,327,
312,310,326,
311,327,329,
314,312,328,
331,361,332,
334,362,335,
333,332,337,
336,335,339,
338,337,341,
340,339,343,
342,341,345,
344,343,347,
346,345,349,
348,347,351,
350,349,353,
352,351,355,
357,360,358,
354,353,360,
356,355,361,
359,358,362,
331,333,363,
334,336,365,
333,338,367,
336,340,368,
342,369,367,
344,371,368,
346,372,369,
344,348,370,
350,373,372,
352,375,370,
354,378,373,
352,356,374,
357,359,376,
354,357,377,
331,364,374,
359,334,366,
371,370,379,
372,373,381,
375,385,379,
373,378,383,
375,374,384,
377,376,386,
378,377,387,
364,389,384,
366,390,386,
364,363,388,
365,391,390,
367,392,388,
368,393,391,
369,394,392,
368,371,380,
369,372,382,
358,360,395,
353,410,395,
361,355,397,
358,396,399,
361,398,400,
335,362,399,
337,332,400,
339,335,401,
341,337,402,
339,403,405,
341,404,406,
343,405,407,
345,406,408,
351,347,407,
353,349,408,
351,409,397,
408,425,411,
409,426,412,
396,395,413,
395,410,411,
398,397,412,
396,414,416,
398,415,417,
401,399,416,
400,417,419,
401,418,420,
402,419,421,
403,420,422,
406,404,421,
405,422,424,
406,423,425,
407,424,426,
427,457,428,
430,458,431,
429,428,433,
435,432,431,
434,433,437,
435,436,439,
441,438,437,
443,440,439,
445,441,442,
443,444,447,
449,452,450,
445,446,452,
448,447,453,
455,451,450,
454,453,457,
455,456,458,
456,450,459,
457,453,461,
458,456,460,
457,462,464,
431,458,463,
428,464,466,
431,465,467,
437,433,466,
436,467,469,
437,468,470,
439,469,471,
442,470,472,
447,444,471,
450,452,474,
452,446,472,
447,473,461,
461,477,475,
460,479,476,
473,481,477,
472,482,478,
459,483,479,
473,471,480,
470,484,482,
474,478,483,
469,485,480,
468,486,484,
467,487,485,
466,488,486,
465,489,487,
464,490,488,
463,476,489,
464,462,475,
491,518,492,
494,525,495,
497,491,493,
499,525,494,
501,497,498,
503,499,500,
505,501,502,
507,503,504,
509,534,505,
510,507,508,
512,515,513,
515,534,509,
516,522,510,
517,519,512,
518,522,516,
495,519,517,
519,523,520,
518,535,521,
495,526,523,
524,535,518,
525,538,526,
527,524,491,
528,538,525,
529,527,497,
530,528,499,
531,529,501,
532,530,503,
533,531,505,
510,536,532,
520,537,515,
515,537,533,
521,536,510,
475,477,521,
476,479,523,
477,481,536,
478,482,533,
479,483,520,
481,480,532,
482,484,531,
483,478,537,
480,485,530,
484,486,529,
485,487,528,
486,488,527,
487,489,538,
488,490,524,
489,476,526,
490,475,535,
563,566,539,
564,567,541,
565,568,543,
566,569,545,
567,570,546,
568,571,547,
569,586,548,
570,573,549,
571,574,550,
548,586,572,
573,575,552,
574,576,553,
572,578,554,
575,579,555,
576,580,556,
577,581,557,
578,582,559,
579,583,560,
580,577,558,
581,584,561,
582,585,562,
583,563,540,
584,564,542,
585,565,544,
564,584,561,
580,556,558,
583,579,555,
582,578,554,
584,581,557,
576,553,556,
579,575,552,
572,551,554,
581,577,558,
576,574,550,
575,573,549,
586,548,551,
571,547,550,
570,546,549,
569,545,548,
571,568,543,
566,539,545,
568,565,544,
567,541,546,
563,540,539,
565,585,562,
567,564,542,
563,583,560,
582,559,562,
548,586,572,
547,571,574,
549,546,570,
545,569,586,
543,568,571,
546,541,567,
539,566,569,
544,565,568,
541,542,564,
540,563,566,
562,585,565,
542,561,584,
560,583,563,
559,582,585,
561,557,581,
556,580,577,
555,579,583,
554,578,582,
557,558,577,
556,553,576,
552,575,579,
551,572,578,
550,574,576,
549,573,575,
563,583,560,
582,559,562,
581,557,561,
580,556,558,
579,555,560,
582,578,554,
581,577,558,
580,576,553,
579,575,552,
572,551,554,
574,550,553,
575,573,549,
586,548,551,
571,547,550,
570,546,549,
569,545,548,
571,568,543,
570,567,541,
566,539,545,
568,565,544,
567,564,542,
563,540,539,
565,585,562,
564,584,561,
547,571,574,
546,570,573,
545,569,586,
543,568,571,
541,567,570,
539,566,569,
544,565,568,
542,564,567,
540,563,566,
562,585,565,
561,584,564,
560,583,563,
559,582,585,
557,581,584,
556,580,577,
560,555,579,
554,578,582,
558,577,581,
556,553,576,
552,575,579,
551,572,578,
550,574,576,
549,573,575,
548,586,572,
563,583,560,
582,559,562,
581,557,561,
580,556,558,
579,555,560,
582,578,554,
581,577,558,
580,576,553,
575,552,555,
572,551,554,
576,574,550,
573,549,552,
586,548,551,
571,547,550,
573,570,546,
586,569,545,
571,568,543,
567,541,546,
566,539,545,
568,565,544,
567,564,542,
566,563,540,
585,562,544,
584,561,542,
587,594,588,
589,596,590,
481,598,591,
593,599,594,
595,600,596,
597,602,598,
488,604,599,
479,606,600,
597,607,601,
603,609,604,
605,611,606,
485,615,601,
608,616,609,
610,617,611,
612,619,613,
614,621,615,
475,623,616,
478,613,617,
612,624,618,
620,625,621,
622,626,623,
484,588,618,
489,590,625,
592,591,626,
602,630,627,
600,631,628,
599,632,629,
598,633,630,
596,634,631,
594,635,632,
591,637,633,
590,638,634,
588,639,635,
591,626,636,
625,640,638,
618,641,639,
623,643,636,
621,644,640,
619,645,641,
617,646,642,
616,647,643,
615,648,644,
613,642,645,
611,649,646,
609,650,647,
601,627,648,
606,628,649,
604,629,650,
628,606,611,
613,619,645,
615,621,644,
647,616,623,
649,611,617,
619,618,641,
644,621,625,
623,626,636,
646,617,613,
641,618,588,
640,625,590,
626,591,637,
588,594,635,
590,596,634,
591,598,633,
635,594,599,
598,602,630,
632,599,604,
596,600,631,
602,601,627,
629,604,609,
600,606,628,
627,601,615,
609,616,647,
636,637,591,
639,635,594,
638,634,596,
637,633,598,
635,632,599,
634,631,600,
598,633,630,
632,629,604,
631,628,606,
602,630,627,
629,650,609,
628,649,611,
601,627,648,
650,647,616,
649,646,617,
642,645,619,
615,648,644,
647,643,623,
646,642,613,
619,645,641,
644,640,625,
643,636,626,
641,639,588,
640,638,590,
627,601,615,
609,616,647,
611,617,646,
613,619,645,
615,621,644,
647,616,623,
646,617,613,
645,619,618,
644,621,625,
623,626,636,
618,588,639,
640,625,590,
626,591,637,
588,594,635,
590,596,634,
591,598,633,
635,594,599,
634,596,600,
598,602,630,
632,599,604,
631,600,606,
602,601,627,
629,604,609,
628,606,611,
639,635,594,
638,634,596,
637,633,598,
635,632,599,
634,631,600,
633,630,602,
632,629,604,
600,631,628,
630,627,601,
629,650,609,
628,649,611,
627,648,615,
650,647,616,
649,646,617,
642,645,619,
648,644,621,
647,643,623,
646,642,613,
619,645,641,
644,640,625,
643,636,626,
641,639,588,
640,638,590,
636,637,591,
627,601,615,
609,616,647,
611,617,646,
613,619,645,
615,621,644,
647,616,623,
646,617,613,
645,619,618,
621,625,640,
623,626,636,
641,618,588,
625,590,638,
626,591,637,
588,594,635,
638,590,596,
637,591,598,
635,594,599,
596,600,631,
598,602,630,
632,599,604,
631,600,606,
630,602,601,
604,609,650,
606,611,649,
550,547,587,
549,546,589,
548,545,481,
547,543,593,
546,541,595,
545,539,597,
543,544,488,
595,541,542,
539,540,607,
544,562,603,
542,561,605,
540,560,485,
562,559,608,
561,557,610,
558,556,612,
560,555,614,
559,554,475,
557,558,478,
612,556,553,
555,552,620,
554,551,622,
553,550,484,
552,549,489,
551,548,592,
651,826,652,
654,651,653,
656,2106,654,
657,2136,658,
50,2136,657,
661,675,662,
661,663,664,
666,670,667,
669,686,670,
671,685,656,
671,655,653,
653,652,673,
661,681,674,
676,2105,677,
50,676,678,
680,687,663,
665,677,681,
672,673,682,
684,671,672,
684,2107,685,
659,658,667,
686,693,659,
687,688,664,
688,679,678,
658,688,687,
668,667,687,
693,686,656,
669,2106,656,
677,2105,694,
681,677,695,
674,681,696,
695,694,698,
696,695,699,
697,696,700,
698,706,702,
700,699,702,
700,703,704,
703,708,705,
706,2104,707,
702,707,708,
707,2104,709,
708,707,710,
708,711,712,
710,709,713,
711,710,714,
711,715,716,
717,721,718,
717,749,720,
714,713,722,
715,714,723,
716,715,724,
726,748,727,
728,727,729,
730,729,731,
733,2108,734,
736,733,735,
736,737,738,
734,751,740,
735,740,741,
737,741,742,
743,747,744,
746,833,747,
720,689,691,
729,736,739,
727,733,736,
748,2108,733,
717,719,725,
749,717,724,
750,749,723,
749,750,689,
751,755,752,
741,740,752,
741,753,754,
755,2109,756,
752,756,757,
753,757,758,
756,2109,759,
757,756,760,
757,761,762,
760,759,763,
761,760,764,
761,765,766,
767,774,768,
770,767,769,
770,771,772,
765,770,773,
765,764,767,
764,763,774,
775,2110,776,
777,776,778,
779,778,780,
782,779,781,
784,777,779,
785,775,777,
768,785,784,
769,784,782,
771,782,783,
786,793,787,
789,786,788,
789,790,791,
778,789,792,
778,776,786,
776,2110,793,
794,787,50,
796,828,797,
798,797,799,
801,2111,802,
804,801,803,
806,804,805,
808,2112,809,
810,809,811,
812,811,813,
815,832,816,
815,817,818,
819,818,820,
817,816,822,
817,823,824,
818,824,825,
823,822,682,
826,825,824,
824,823,673,
797,829,827,
795,828,796,
828,830,829,
790,788,796,
790,798,800,
805,812,814,
805,803,810,
803,802,808,
829,804,806,
830,801,804,
831,2111,801,
811,819,821,
809,815,819,
809,2112,832,
721,743,745,
747,730,732,
721,720,746,
833,728,730,
834,861,835,
837,862,838,
840,834,836,
842,845,837,
843,863,840,
844,865,845,
846,849,847,
849,863,843,
850,865,844,
852,846,848,
854,858,850,
855,852,853,
857,864,858,
859,855,856,
861,864,857,
862,859,860,
834,861,835,
837,862,838,
840,834,836,
845,837,839,
863,840,841,
844,865,845,
846,849,847,
847,849,863,
850,865,844,
852,846,848,
858,850,851,
855,852,853,
864,858,854,
859,855,856,
861,864,857,
838,862,859,
834,861,835,
837,862,838,
840,834,836,
842,845,837,
863,840,841,
844,865,845,
846,849,847,
849,863,843,
851,850,865,
852,846,848,
858,850,851,
855,852,853,
864,858,854,
859,855,856,
861,864,857,
862,859,860,
834,869,835,
837,862,838,
866,834,836,
845,837,839,
863,866,841,
865,845,842,
846,849,847,
849,863,843,
850,865,844,
853,852,846,
867,850,851,
855,852,853,
868,867,854,
859,855,856,
869,868,857,
862,859,860,
834,861,835,
870,882,871,
840,834,836,
873,870,872,
863,840,841,
875,873,874,
846,849,847,
847,849,863,
877,875,876,
852,846,848,
879,2113,877,
855,852,853,
880,2113,879,
881,855,856,
861,880,857,
882,881,860,
883,887,884,
883,889,886,
888,891,886,
890,893,891,
890,894,892,
894,897,895,
896,899,895,
896,900,898,
900,902,901,
902,905,903,
904,907,903,
906,909,907,
908,911,909,
910,913,911,
912,915,913,
912,916,914,
916,918,917,
918,885,884,
919,936,885,
920,919,918,
921,920,916,
921,912,910,
923,922,910,
923,908,906,
924,906,904,
925,904,905,
926,905,902,
927,902,900,
928,900,896,
929,896,897,
931,930,897,
932,931,894,
932,890,888,
934,933,888,
934,889,883,
936,935,883,
937,939,935,
938,934,935,
938,940,933,
940,942,932,
941,931,932,
943,930,931,
944,929,930,
944,945,928,
945,946,927,
946,948,926,
947,925,926,
949,924,925,
949,950,923,
950,952,922,
951,921,922,
953,920,921,
954,919,920,
937,936,919,
955,985,956,
958,1005,959,
961,1006,962,
964,1008,965,
967,2114,968,
970,969,968,
972,970,971,
974,972,973,
974,975,976,
976,2115,978,
978,2115,979,
981,980,979,
981,982,983,
984,983,985,
986,990,987,
989,992,990,
989,994,991,
993,1007,991,
995,1007,993,
997,999,995,
997,1000,998,
1000,1003,1001,
1002,1004,1001,
965,1008,1004,
967,1008,964,
1005,958,964,
961,958,960,
988,987,960,
1006,961,957,
962,2114,967,
990,984,955,
992,981,984,
992,991,980,
1007,978,980,
977,978,1007,
999,974,977,
999,998,972,
998,1001,970,
1004,969,970,
1008,967,969,
958,961,963,
987,955,957,
1009,1073,1010,
1012,1016,1013,
1015,1024,1016,
1017,1034,1018,
1020,1096,1021,
1023,1085,1024,
1025,1084,1026,
1028,1082,1009,
1030,1092,1031,
1033,1011,1034,
1035,1039,1036,
1038,1041,1036,
1040,1043,1041,
1042,1045,1043,
1044,1047,1045,
1046,1049,1047,
1048,1051,1049,
1050,1053,1051,
1052,1055,1053,
1054,1057,1055,
1056,1059,1057,
1058,1061,1059,
1060,1063,1061,
1062,1065,1063,
1062,1067,1064,
1066,1069,1064,
1068,1071,1069,
1070,1072,1071,
1010,1074,1072,
1073,1076,1074,
1075,1077,1076,
1035,1037,1077,
1014,1013,1078,
1020,1022,1080,
1029,1009,1011,
1082,1090,1035,
1034,1070,1068,
1083,1066,1067,
1084,1067,1062,
1085,1060,1058,
1032,1031,1086,
1026,1062,1060,
1088,1094,1089,
1083,1018,1068,
1011,1010,1070,
1078,1052,1050,
1092,1048,1046,
1082,1075,1073,
1092,1091,1050,
1086,1044,1042,
1031,1046,1044,
1022,1021,1042,
1013,1054,1052,
1022,1040,1038,
1028,1088,1090,
1093,1083,1084,
1081,1080,1089,
1080,1038,1039,
1027,1026,1085,
1093,1019,1018,
1079,1078,1091,
1090,1089,1039,
1030,1095,1091,
1016,1056,1054,
1087,1086,1021,
1024,1058,1056,
1171,1206,1172,
1190,1261,1191,
1203,1738,1204,
1234,1191,1261,
1739,1298,1297,
1242,1241,1740,
1906,1909,1907,
1909,1926,1910,
1910,1926,1911,
1911,2139,1913,
1914,2139,50,
1915,1919,1916,
1915,1920,1918,
1922,1923,1920,
1922,1925,1914,
1923,1914,50,
1913,2139,1914,
50,2139,1911,
50,1911,1926,
1927,1926,1909,
1928,1909,1906,
1906,1931,1930,
1908,2140,1931,
1930,1931,1932,
1932,2000,50,
50,2011,1933,
50,1933,1934,
1918,1920,1923,
1936,2131,1937,
1936,1938,1939,
1941,2132,1939,
1942,1941,1938,
1924,1982,1943,
1939,2132,1944,
1940,1939,1945,
1917,1916,1947,
1949,1971,1950,
1952,1951,1950,
1954,1957,1955,
1948,1947,1957,
1946,1945,1951,
1944,1949,1951,
1956,1955,1958,
1959,1958,1960,
1962,1970,1963,
1965,2133,1966,
1967,1966,1968,
1961,1960,1970,
1950,1967,1969,
1971,1965,1967,
1972,1991,1973,
1975,1992,1976,
1977,1979,1978,
1979,1993,1980,
1981,1993,1943,
1934,2004,1983,
1975,1978,1984,
1985,1984,1986,
1978,1980,1988,
1984,1988,1989,
1990,1973,1991,
1993,1981,1994,
1980,1994,1983,
1992,1975,1985,
1990,1985,1987,
1995,1974,1973,
1996,1974,1997,
1972,1976,1992,
1998,1997,1974,
1932,2009,1999,
1989,2001,2001,
1998,1995,2002,
1934,2008,2001,
1997,1998,2003,
1986,2001,2006,
1987,2006,2002,
1933,2138,2008,
1931,2140,2009,
2000,1999,2010,
1963,1997,2005,
1988,1983,2004,
2012,1982,1924,
2013,1981,1982,
2014,1994,1981,
2015,1983,1994,
1935,1983,2015,
50,1935,2016,
1907,2018,2017,
1910,2019,2018,
1912,2020,2019,
1913,2028,2020,
33,2028,2021,
1915,1917,2022,
2024,2025,1915,
2004,2001,2001,
1922,1921,2025,
2021,1925,1922,
33,2021,2026,
2021,2028,1913,
33,33,2020,
33,2029,2019,
2029,2030,2018,
2030,2032,2017,
2031,2033,2017,
2033,2140,1908,
2031,2035,2034,
33,2096,2034,
33,33,2036,
33,2102,2038,
2024,2027,2026,
2039,2045,2040,
2042,2045,2039,
2042,2049,2044,
2046,2040,2045,
2047,2098,2027,
2042,2050,2048,
2043,2058,2050,
1917,1948,2051,
2052,2068,2053,
2055,2134,2052,
1954,1956,2056,
1948,1954,2057,
2058,2055,2054,
2054,2053,2048,
1956,1959,2059,
1959,1961,2060,
1962,1964,2061,
2063,2135,2064,
2066,2063,2065,
1961,1962,2062,
2052,2134,2067,
2068,2052,2065,
2069,2088,2070,
2072,2090,2073,
2074,2073,2075,
2076,2075,2077,
2079,2098,2047,
2038,2102,2080,
2073,2083,2082,
2083,2091,2084,
2075,2082,2085,
2082,2084,2086,
2087,2090,2088,
2078,2077,2089,
2077,2085,2080,
2090,2087,2083,
2087,2092,2091,
2092,2087,2069,
2093,2071,2094,
2090,2072,2070,
2071,2093,2095,
1999,2009,2034,
2001,2001,2086,
2095,2003,2002,
2001,2008,2038,
2093,2005,2003,
2006,2001,2084,
2002,2006,2091,
2008,2138,2036,
2009,2140,2033,
2010,1999,2096,
2061,2007,2005,
2085,2086,2081,
2097,33,2027,
2099,2097,2098,
2100,2099,2079,
2101,2100,2089,
2101,2080,2102,
2103,2102,33,
50,50,683,
50,50,751,
50,2108,748,
50,1137,713,
50,709,2104,
50,698,694,
50,694,2105,
50,2105,676,
33,1077,1037,
33,33,1057,
665,664,678,
50,50,988,
50,1005,966,
50,965,1002,
1117,989,986,
1117,1111,994,
1099,993,994,
1125,997,996,
1125,50,1000,
50,1003,1000,
50,1002,1003,
50,1108,986,
33,826,651,
50,684,683,
33,33,651,
33,654,2106,
50,50,2107,
50,50,660,
33,33,2106,
33,33,680,
33,675,674,
33,662,675,
33,668,680,
33,666,668,
33,33,669,
33,33,674,
33,33,697,
33,33,701,
50,706,698,
50,2104,706,
33,33,704,
33,33,705,
33,712,716,
33,745,744,
33,33,731,
33,738,742,
33,732,731,
50,734,2108,
33,33,739,
1161,725,719,
1132,1123,750,
1123,690,689,
1132,722,713,
33,1157,719,
1161,1163,716,
50,755,751,
1145,33,742,
50,50,2109,
1145,754,758,
1101,759,2109,
1145,1143,758,
1104,763,759,
1145,1145,762,
1100,768,774,
1110,1116,775,
33,1145,766,
1104,1098,774,
33,33,773,
1116,50,2110,
33,772,783,
33,781,780,
1100,1110,785,
33,783,781,
33,33,780,
50,793,2110,
33,33,792,
33,800,799,
50,802,2111,
33,827,806,
50,50,2112,
33,33,807,
50,816,832,
33,813,821,
50,822,816,
33,33,820,
50,682,822,
33,33,825,
33,799,827,
50,50,787,
50,831,795,
33,33,791,
50,808,802,
33,33,814,
50,50,2111,
33,33,806,
50,832,2112,
33,33,821,
33,744,732,
33,33,718,
50,50,848,
50,853,848,
50,50,856,
50,860,856,
50,50,838,
50,839,838,
50,50,842,
50,50,844,
50,851,844,
50,50,854,
50,857,854,
50,50,835,
50,836,835,
50,50,841,
50,843,841,
50,847,843,
33,849,846,
33,33,846,
33,852,855,
33,33,855,
33,859,862,
33,33,862,
33,837,845,
33,845,865,
33,33,865,
33,850,858,
33,33,858,
33,864,861,
33,33,861,
33,834,840,
33,33,840,
33,33,863,
50,50,848,
50,853,848,
50,50,856,
50,860,856,
50,50,838,
50,839,838,
50,50,842,
50,844,842,
50,851,844,
50,854,851,
50,50,857,
50,50,835,
50,836,835,
50,50,841,
50,50,843,
50,847,843,
33,849,846,
33,33,846,
33,852,855,
33,33,855,
33,859,862,
33,33,862,
33,837,845,
33,33,845,
33,33,865,
33,33,850,
33,858,864,
33,864,861,
33,33,861,
33,834,840,
33,840,863,
33,33,863,
50,50,848,
50,853,848,
50,50,856,
50,860,856,
50,50,838,
50,839,838,
50,50,842,
50,50,844,
50,851,844,
1139,854,851,
1139,1134,857,
1134,1138,835,
50,836,835,
50,841,836,
50,50,843,
50,847,843,
33,849,846,
33,33,846,
33,852,855,
33,33,855,
33,859,862,
33,33,862,
33,837,845,
33,845,865,
33,33,865,
33,33,850,
33,858,864,
33,864,861,
33,33,861,
33,33,834,
33,840,863,
33,33,863,
50,848,847,
50,50,853,
50,50,856,
50,860,856,
50,50,838,
50,839,838,
50,50,842,
50,50,844,
50,851,844,
50,854,851,
50,857,854,
50,835,857,
50,884,836,
884,50,841,
50,50,843,
50,50,847,
33,33,849,
33,846,852,
33,852,855,
33,33,855,
33,859,862,
33,33,862,
33,837,845,
33,845,865,
33,33,865,
1147,33,850,
1147,1147,867,
1147,868,869,
33,1147,869,
33,834,866,
1152,33,866,
1152,863,849,
50,50,848,
50,1105,853,
1105,1127,856,
1129,860,856,
1129,1128,871,
1124,872,871,
1124,1121,874,
1121,1120,876,
1107,878,876,
1107,1106,879,
1108,857,879,
1108,50,835,
50,836,835,
50,841,836,
50,50,843,
50,50,847,
33,33,849,
33,846,852,
1143,852,855,
1159,1158,855,
1159,881,882,
1151,1150,882,
1151,870,873,
1140,873,875,
1155,1141,875,
1155,877,2113,
1152,1152,2113,
1152,880,861,
33,33,861,
33,834,840,
33,33,840,
33,863,849,
1136,1097,887,
1133,891,893,
1126,914,917,
1115,1114,913,
1103,909,911,
1103,50,907,
50,50,901,
1097,898,901,
1097,1102,899,
1122,1130,893,
1119,895,899,
1112,911,913,
1147,1152,937,
1152,1144,939,
1162,938,939,
1160,1149,942,
1147,1147,954,
1146,951,952,
1145,1148,950,
1145,1145,949,
1145,1145,947,
1144,946,945,
1154,1153,945,
1149,1156,941,
1142,1154,944,
1148,1147,952,
1147,953,951,
1126,1115,915,
1145,948,946,
1142,943,941,
1160,940,938,
1133,1136,886,
1119,1122,892,
50,903,907,
33,33,976,
33,975,973,
33,973,971,
33,33,971,
33,33,968,
33,33,962,
33,956,985,
33,33,985,
33,33,983,
33,982,979,
33,33,979,
33,2115,976,
1099,1109,996,
50,50,959,
33,1006,956,
50,50,966,
33,2114,962,
33,33,1055,
33,1053,1055,
33,1061,1063,
33,33,1059,
33,33,1065,
33,33,1063,
33,1064,1069,
33,33,1071,
33,1069,1071,
33,33,1072,
33,33,1074,
33,1037,1036,
33,1076,1077,
33,33,1036,
33,33,1041,
33,33,1043,
33,33,1045,
33,1049,1051,
33,1051,1053,
33,33,1047,
1118,1081,1094,
1131,1113,1094,
50,50,1019,
50,1015,1012,
50,1014,1079,
50,50,1079,
50,1096,1020,
1135,1020,1081,
50,50,1095,
50,1017,1019,
50,1012,1014,
50,1023,1015,
50,50,1027,
50,1025,1027,
50,50,1093,
50,1029,1033,
50,1033,1017,
50,50,1028,
50,1131,1088,
50,1032,1087,
50,50,1030,
50,1087,1096,
33,1196,1197,
33,1248,1267,
33,33,1263,
33,1222,1227,
33,33,1223,
1590,1632,1208,
1596,33,1189,
1204,1738,1177,
1628,1454,1440,
1647,33,1451,
33,33,1447,
1617,1620,1436,
1582,1442,1444,
33,33,1444,
33,33,1446,
1620,1629,1440,
50,50,1165,
33,33,1197,
50,1167,1165,
50,50,1169,
33,1198,1199,
50,1181,1169,
50,1174,1193,
50,50,1186,
50,50,1187,
50,50,1193,
50,50,1178,
50,1180,1181,
50,1213,1186,
1725,1217,1213,
1727,1216,1217,
1639,1590,1211,
1639,1221,1223,
1713,1218,1216,
1667,1226,1218,
1667,1661,1230,
50,50,1258,
50,1253,1245,
50,50,1257,
33,1599,1740,
50,50,1245,
33,1241,1263,
33,33,1249,
50,1252,1253,
1670,1697,1233,
1585,1236,1265,
1607,1265,1262,
1585,1589,1227,
1695,1231,1233,
1670,1264,1230,
33,33,1267,
1661,1268,1257,
33,1270,1498,
1661,1662,1273,
33,1498,1276,
1662,1661,1280,
1579,1578,1281,
1664,1287,1279,
1578,33,1275,
1666,1301,1287,
1611,1613,1291,
1666,1680,1296,
1679,1684,1309,
1680,1679,1294,
1692,1302,1309,
1650,1611,1290,
33,1534,1196,
50,50,1312,
1703,1488,1302,
1648,1650,1308,
50,50,1246,
50,1260,1231,
33,849,846,
33,33,846,
33,852,855,
33,33,855,
33,859,862,
33,33,862,
33,837,845,
33,845,865,
33,33,865,
33,850,858,
33,33,858,
33,864,861,
33,33,861,
33,834,840,
33,33,840,
33,33,863,
50,50,848,
50,853,848,
50,50,856,
50,860,856,
50,50,838,
50,839,838,
50,50,842,
50,50,844,
50,851,844,
50,50,854,
50,857,854,
50,50,835,
50,836,835,
50,50,841,
50,843,841,
50,847,843,
1635,849,846,
1646,1634,846,
1646,852,855,
33,1158,855,
33,859,862,
33,33,862,
33,837,845,
33,33,845,
33,865,850,
33,33,850,
33,858,864,
33,33,864,
33,861,834,
1622,834,840,
1602,840,863,
1635,1600,863,
50,50,848,
50,853,848,
50,50,856,
50,860,856,
50,50,838,
50,839,838,
50,50,842,
50,844,842,
50,851,844,
50,854,851,
50,50,857,
50,50,835,
50,836,835,
50,50,841,
50,50,843,
50,847,843,
1630,1326,1328,
1592,1591,1328,
1592,1332,1335,
1636,1645,1335,
1627,1636,1338,
1627,1319,1320,
1626,1320,1322,
1594,1638,1322,
1595,1594,1325,
1640,1595,1331,
1633,1640,1334,
1633,1337,1316,
1641,1619,1316,
1642,1641,1318,
1642,840,863,
1630,1631,863,
1736,1735,1327,
1737,853,1327,
1737,50,856,
50,860,856,
50,50,838,
50,839,838,
50,50,842,
1674,1324,842,
1674,1722,1330,
1717,1333,1330,
1717,1716,1336,
1728,1339,1336,
1728,1724,1317,
1724,1733,1321,
1733,1734,1323,
1736,1329,1323,
33,849,846,
33,33,846,
33,852,855,
33,33,855,
33,859,862,
33,33,862,
33,837,845,
33,845,865,
33,33,865,
33,33,850,
33,858,864,
1625,33,864,
1625,861,834,
33,33,834,
33,840,863,
33,863,849,
50,50,848,
50,853,848,
50,690,856,
690,860,856,
690,1723,1347,
1669,1340,1347,
1669,1721,1341,
1721,1720,1342,
1719,1343,1342,
1677,1344,1343,
1676,1345,1344,
690,1346,1345,
690,50,836,
50,841,836,
50,50,843,
50,50,847,
33,33,849,
33,846,852,
1608,1163,852,
1610,1608,855,
1610,859,1348,
1609,1348,1350,
1604,1606,1350,
1604,1352,1354,
1598,1603,1354,
1598,1356,1358,
33,1146,1358,
33,864,861,
33,861,834,
33,834,840,
33,33,840,
33,863,849,
50,848,847,
50,1661,853,
1661,856,853,
1701,860,856,
1701,1696,1359,
1696,1699,1349,
1694,1351,1349,
1694,1693,1353,
1690,1355,1353,
1690,1688,1357,
1108,1345,1357,
50,835,1345,
50,836,835,
50,50,841,
50,843,841,
50,50,847,
33,33,1360,
33,33,1741,
1618,1363,1741,
1587,1586,1742,
33,33,1390,
1581,1744,1386,
33,1147,1384,
33,33,1382,
33,1377,1375,
33,33,1375,
33,1373,1743,
1605,1368,1742,
1597,1588,1743,
1147,1152,1386,
1675,1427,1410,
1108,1410,1411,
1691,1663,1411,
1671,1413,1414,
1659,1426,1427,
1698,1682,1424,
1661,1422,1423,
1661,1421,1422,
1662,1420,1421,
1663,1660,1418,
1687,1417,1418,
1700,1672,1414,
1689,1416,1417,
1709,1423,1424,
1659,1698,1425,
33,1388,1744,
1662,1663,1419,
1689,1700,1415,
1671,1691,1412,
1587,1366,1363,
1597,1370,1368,
33,33,1380,
1647,1429,1454,
33,1432,1451,
1615,1617,1435,
1559,1561,2116,
1562,1559,2117,
1683,1673,1468,
50,1551,1468,
1593,1462,1464,
1643,1637,1464,
1710,1485,1474,
1731,1726,1475,
1729,1730,1480,
1715,1473,1483,
1711,1474,1473,
1658,1657,1479,
1657,1668,1482,
1714,1476,1482,
1729,1477,1476,
1731,1481,1480,
1726,1732,1483,
1562,2118,2119,
1648,1307,1486,
1703,1702,1492,
1654,1652,1486,
1705,1496,1492,
1530,2122,2120,
1530,1531,2121,
1531,1533,2123,
1655,1654,1490,
1707,1745,1496,
33,33,1276,
1681,1279,1280,
1658,1500,1501,
1582,1580,1746,
1678,1665,1501,
1583,1506,1746,
1685,1678,1503,
1612,1567,1566,
1685,1508,1513,
1612,1651,1516,
1686,1513,1518,
1651,1649,1520,
1708,1704,1518,
1656,1524,1520,
1529,2126,2124,
1529,1749,2125,
1708,1522,1526,
33,33,1538,
50,1311,1537,
1623,1542,1538,
50,50,1537,
50,50,1541,
1601,1644,1548,
50,50,1545,
1644,1643,1472,
50,1550,1551,
1565,1752,2127,
1563,2130,2129,
1565,2128,2130,
1621,1616,1751,
1718,1683,1465,
1621,1555,1462,
1718,1558,1557,
1572,1511,1510,
1755,1747,1509,
1579,1284,1300,
1574,1577,1566,
1576,1568,1291,
1571,1584,1300,
1572,1754,1509,
1575,1569,1568,
1583,1570,1510,
1574,1753,1747,
1571,1299,1298,
1575,1756,1739,
1656,1748,1527,
1573,1298,1739,
1632,1596,1188,
1601,1547,1542,
1745,2120,2122,
1497,2122,2121,
1495,2121,2123,
1748,1653,1532,
1525,1527,2124,
1526,1525,2126,
1706,1749,1528,
1655,1533,1532,
1745,1707,1528,
1655,1494,2123,
1748,1750,2124,
1706,1526,2125,
1457,2117,2116,
1484,2118,2117,
1484,1485,2119,
1557,1553,2128,
1751,2129,2130,
1556,2130,2128,
1615,1561,1560,
1710,1712,1752,
1615,1441,2116,
1710,1564,2119,
1557,2127,1752,
1751,1616,1560,
548,592,622,
549,489,620,
550,484,624,
551,622,475,
552,620,614,
556,553,624,
558,478,610,
554,475,608,
555,614,485,
556,612,478,
557,610,605,
559,608,603,
560,485,607,
561,605,479,
562,603,488,
540,607,597,
542,479,595,
544,488,593,
539,597,481,
541,595,589,
543,593,587,
545,481,592,
546,589,489,
547,587,484,
622,592,591,
620,489,590,
624,484,588,
475,622,626,
614,620,625,
619,612,624,
610,478,613,
608,475,623,
485,614,621,
478,612,619,
605,610,617,
603,608,616,
607,485,615,
479,605,611,
488,603,609,
597,607,601,
600,595,479,
593,488,604,
481,597,602,
589,595,600,
587,593,599,
592,481,598,
489,589,596,
484,587,594,
1936,1940,1916,
2131,1936,1919,
2131,1918,1943,
2132,1941,1979,
1942,1993,1979,
1942,1937,1943,
2132,1977,1976,
1946,1947,1916,
1971,1949,1972,
1952,1957,1947,
1949,1944,1976,
1953,1955,1957,
1953,1969,1958,
1968,1960,1958,
2133,1963,1970,
2133,1965,1996,
1971,1974,1996,
1968,1966,1970,
2039,2023,2022,
2041,2024,2023,
2041,2040,2047,
2049,2074,2076,
2046,2044,2076,
2046,2078,2047,
2049,2048,2072,
2058,2043,2022,
2068,2071,2070,
2055,2058,2051,
2053,2070,2072,
2134,2055,2057,
2134,2056,2059,
2066,2067,2059,
2135,2063,2062,
2135,2061,2094,
2068,2064,2094,
2066,2060,2062,
1896,1897,1759,
1879,1760,1762,
1845,1757,1759,
1899,1763,1758,
1865,1861,1761,
1848,1900,1758,
33,1896,1764,
50,1765,1763,
33,1767,1769,
50,50,1766,
33,33,1769,
50,1768,1766,
33,33,1771,
50,1770,1768,
33,1776,1782,
50,50,1775,
33,1778,1773,
50,50,1774,
33,33,1901,
50,1777,1779,
50,1779,1770,
33,33,1780,
50,1772,1774,
33,33,1773,
50,50,1783,
33,1782,1781,
50,50,1785,
33,1781,1784,
50,1898,1787,
33,1784,1786,
1851,1852,1787,
1836,1895,1786,
1874,1873,1789,
1836,1788,1791,
50,1795,1792,
1856,1790,1794,
50,1903,1797,
50,50,1800,
1872,1805,1803,
1871,1904,1805,
1147,1801,1802,
50,1809,1803,
50,50,1807,
1152,1808,1799,
50,50,1797,
50,50,1902,
1891,1810,1811,
50,50,835,
1881,1880,1813,
1875,1815,835,
1870,1822,1812,
1853,1840,1823,
50,844,842,
1841,1843,1905,
1849,1828,1827,
1835,1824,1905,
1840,1839,1827,
50,50,851,
1860,1830,1828,
50,854,851,
1890,1888,1832,
1891,1890,1831,
50,857,854,
1878,1833,1813,
1864,1867,1814,
1869,1812,1814,
1853,1820,1815,
1661,842,1822,
1860,1864,1834,
1851,1854,1789,
1856,1837,1791,
1845,1859,1762,
1848,1857,1761,
1882,1862,1760,
1865,1863,1866,
1883,1806,1862,
1871,1868,1866,
1874,1876,1792,
1147,1894,1794,
1877,1608,1821,
1855,1893,1816,
1608,1884,1817,
1855,1819,1824,
1887,1889,1799,
1887,1798,1801,
1885,1886,1802,
1883,1885,1804,
33,1796,1808,
1147,1793,1796,
1893,1892,1811,
1888,1877,1825,
1858,1829,1833,
1881,1818,1817,
1858,1841,1826,
788,787,794,
831,830,828,
693,660,657,
50,50,679,
691,692,833,
2136,679,688,
660,693,685,
692,726,728,
33,1205,1204,
33,1624,1206,
1172,2137,1201,
1624,2137,1172,
2137,1624,1614,
2035,2103,33,
2035,2031,2101,
2032,2100,2101,
2030,2099,2100,
2030,2029,2097,
33,33,2097,
2138,2010,2037,
33,33,2037,
50,2016,1695,
1695,2016,2015,
2015,2014,1929,
2014,2013,1928,
1928,2013,2012,
2012,50,50,
50,50,50,
2011,2010,2138,
50,2000,2011,
2001,2001,2081
