0.199497,0.572143,
0.206658,0.590215,
0.194047,0.577585,
0.248546,0.523170,
0.255707,0.541242,
0.243096,0.528612,
0.204947,0.566702,
0.212108,0.584774,
0.253996,0.517729,
0.261157,0.535800,
0.210397,0.561261,
0.217557,0.579332,
0.259446,0.512287,
0.266607,0.530359,
0.215847,0.555819,
0.223007,0.573891,
0.264896,0.506846,
0.272057,0.524918,
0.221297,0.550378,
0.228457,0.568449,
0.270346,0.501405,
0.277507,0.519476,
0.232197,0.539495,
0.239357,0.557566,
0.226747,0.544936,
0.233907,0.563008,
0.275796,0.495963,
0.282957,0.514035,
0.237647,0.534053,
0.244807,0.552125,
0.281246,0.490522,
0.288406,0.508593,
0.250257,0.546683,
0.340844,0.262361,
0.342346,0.254808,
0.360582,0.262361,
0.378817,0.254808,
0.380320,0.262361,
0.342346,0.269915,
0.374539,0.248405,
0.346625,0.276318,
0.368135,0.244126,
0.353028,0.280597,
0.360582,0.242623,
0.368135,0.280597,
0.360582,0.282099,
0.353028,0.244126,
0.374539,0.276318,
0.346625,0.248405,
0.378817,0.269915,
0.638170,0.126655,
0.628718,0.122127,
0.635962,0.119167,
0.594328,0.139792,
0.600015,0.131234,
0.601395,0.136595,
0.630474,0.133129,
0.630504,0.127533,
0.593464,0.123478,
0.592495,0.131696,
0.634949,0.142294,
0.637868,0.134710,
0.597286,0.116117,
0.600758,0.125739,
0.629517,0.148445,
0.628454,0.138319,
0.607529,0.117185,
0.603405,0.120884,
0.622211,0.152320,
0.624773,0.142462,
0.611201,0.107739,
0.603566,0.110746,
0.613968,0.153393,
0.609006,0.144389,
0.614392,0.145641,
0.619876,0.145023,
0.618368,0.115238,
0.612760,0.115304,
0.599091,0.146602,
0.605935,0.151269,
0.626848,0.109932,
0.619267,0.107653,
0.604478,0.141189,
0.615389,0.130347,
0.623703,0.117146,
0.641483,0.176081,
0.621603,0.176081,
0.639970,0.168473,
0.603236,0.168473,
0.601723,0.176081,
0.639970,0.183689,
0.607545,0.162024,
0.635660,0.190139,
0.613995,0.157714,
0.629210,0.194448,
0.621603,0.156201,
0.613995,0.194448,
0.621603,0.195961,
0.629210,0.157714,
0.607545,0.190139,
0.635660,0.162024,
0.603236,0.183689,
0.904977,0.497114,
0.879011,0.484793,
0.906288,0.489468,
0.889494,0.423630,
0.918081,0.420660,
0.916771,0.428306,
0.880321,0.477148,
0.907598,0.481823,
0.890805,0.415985,
0.919392,0.413015,
0.908908,0.474178,
0.892115,0.408340,
0.920702,0.405370,
0.881632,0.469502,
0.910219,0.466532,
0.893426,0.400694,
0.922013,0.397724,
0.882942,0.461857,
0.911529,0.458887,
0.896046,0.385404,
0.923323,0.390079,
0.885563,0.446566,
0.914150,0.443596,
0.912840,0.451242,
0.884253,0.454212,
0.897357,0.377758,
0.924633,0.382434,
0.886873,0.438921,
0.915460,0.435951,
0.898667,0.370113,
0.925944,0.374788,
0.888184,0.431276,
0.238057,0.273043,
0.232405,0.274277,
0.231950,0.258947,
0.226692,0.273370,
0.227314,0.244298,
0.233097,0.243679,
0.242852,0.269789,
0.222133,0.247003,
0.246056,0.264964,
0.217291,0.254411,
0.219937,0.249191,
0.247312,0.259311,
0.216663,0.260188,
0.246333,0.253601,
0.218243,0.265765,
0.243308,0.248671,
0.221720,0.270397,
0.238699,0.245168,
0.232577,0.280232,
0.240414,0.278449,
0.251519,0.267290,
0.247012,0.273909,
0.251865,0.251561,
0.253165,0.259455,
0.247727,0.244692,
0.233602,0.237770,
0.241297,0.239915,
0.218680,0.242137,
0.225717,0.238640,
0.211589,0.252823,
0.215048,0.245814,
0.212935,0.268418,
0.210824,0.260726,
0.224653,0.278904,
0.217810,0.274756,
0.749166,0.041172,
0.741605,0.038040,
0.749789,0.038040,
0.735817,0.032253,
0.734043,0.034908,
0.747392,0.043827,
0.738473,0.030479,
0.744737,0.045602,
0.741605,0.029856,
0.738473,0.045602,
0.741605,0.046225,
0.744737,0.030479,
0.735817,0.043827,
0.747392,0.032253,
0.734043,0.041172,
0.749166,0.034908,
0.733420,0.038040,
0.985911,0.124120,
0.988861,0.121187,
0.988584,0.124368,
0.987061,0.095695,
0.989691,0.092471,
0.989746,0.095664,
0.986185,0.120970,
0.989101,0.118002,
0.987006,0.092533,
0.989599,0.089279,
0.986623,0.114660,
0.989303,0.114815,
0.986915,0.089372,
0.989469,0.086088,
0.986787,0.111502,
0.989599,0.108436,
0.989469,0.111626,
0.986787,0.086212,
0.989303,0.082899,
0.986915,0.108342,
0.989691,0.105243,
0.986623,0.083054,
0.989101,0.079712,
0.987006,0.105181,
0.989746,0.102051,
0.986184,0.076744,
0.988861,0.076527,
0.987061,0.102019,
0.989765,0.098857,
0.988584,0.073346,
0.987080,0.098857,
0.424728,0.122190,
0.426520,0.117794,
0.427574,0.119685,
0.439669,0.109834,
0.437877,0.114102,
0.436789,0.112322,
0.424744,0.110174,
0.426526,0.114538,
0.423065,0.112898,
0.441388,0.112809,
0.438266,0.116159,
0.427227,0.107997,
0.427572,0.112640,
0.441397,0.119563,
0.441961,0.116184,
0.430340,0.106722,
0.429153,0.111217,
0.436803,0.120009,
0.437854,0.118208,
0.433197,0.110320,
0.431105,0.110433,
0.430358,0.125596,
0.433192,0.121997,
0.433733,0.125655,
0.439617,0.122488,
0.435177,0.121324,
0.436974,0.107711,
0.433733,0.106660,
0.429137,0.121119,
0.431098,0.121892,
0.436950,0.124606,
0.435179,0.110995,
0.427256,0.124336,
0.432332,0.116162,
0.712302,0.013302,
0.704719,0.010161,
0.712926,0.010161,
0.698915,0.004357,
0.697136,0.007020,
0.710523,0.015964,
0.701578,0.002578,
0.707860,0.017743,
0.704719,0.001953,
0.701578,0.017743,
0.704719,0.018368,
0.707860,0.002578,
0.698915,0.015964,
0.710523,0.004357,
0.697136,0.013302,
0.712302,0.007020,
0.696511,0.010161,
0.996134,0.118281,
0.993736,0.114873,
0.996412,0.115090,
0.994617,0.089527,
0.997247,0.086294,
0.997302,0.089496,
0.993974,0.111710,
0.996653,0.111897,
0.994470,0.083186,
0.997154,0.083093,
0.996857,0.108701,
0.994342,0.080017,
0.997024,0.079893,
0.994342,0.105379,
0.997154,0.102303,
0.997024,0.105503,
0.996857,0.076695,
0.994470,0.102210,
0.997247,0.099102,
0.994176,0.076850,
0.996653,0.073499,
0.994562,0.099040,
0.997302,0.095900,
0.993974,0.073685,
0.996412,0.070305,
0.994617,0.095869,
0.997321,0.092698,
0.993460,0.067364,
0.996134,0.067115,
0.994636,0.092698,
0.059834,0.107236,
0.061645,0.102832,
0.062695,0.104726,
0.076534,0.097816,
0.071922,0.097351,
0.074758,0.094892,
0.059833,0.095164,
0.061641,0.099571,
0.058155,0.097906,
0.073377,0.101204,
0.072971,0.099156,
0.064254,0.096241,
0.062692,0.097678,
0.076535,0.104575,
0.077099,0.101197,
0.065489,0.091735,
0.062370,0.093006,
0.071936,0.105068,
0.072976,0.103255,
0.068306,0.095380,
0.066215,0.095473,
0.065482,0.110662,
0.068311,0.107041,
0.068877,0.110722,
0.072121,0.109677,
0.074753,0.107497,
0.068884,0.091668,
0.070302,0.096022,
0.064257,0.106164,
0.066217,0.106938,
0.070287,0.106354,
0.072092,0.092780,
0.062367,0.109393,
0.067449,0.101204,
0.149558,0.519520,
0.107647,0.514964,
0.149558,0.514964,
0.149558,0.551415,
0.107647,0.546859,
0.149558,0.546859,
0.107647,0.510408,
0.149558,0.510408,
0.107647,0.542302,
0.149558,0.542302,
0.107647,0.505851,
0.149558,0.505851,
0.107647,0.537746,
0.149558,0.537746,
0.149558,0.578754,
0.107647,0.574197,
0.149558,0.574197,
0.107647,0.533190,
0.149558,0.533190,
0.107647,0.569641,
0.149558,0.569641,
0.107647,0.528633,
0.149558,0.528633,
0.107647,0.565084,
0.149558,0.565084,
0.107647,0.524077,
0.149558,0.524077,
0.149558,0.560528,
0.107647,0.555972,
0.149558,0.555972,
0.107647,0.560528,
0.107647,0.519520,
0.107647,0.551415,
0.401704,0.248721,
0.404503,0.254167,
0.401048,0.252985,
0.387841,0.272630,
0.389272,0.266806,
0.391127,0.269973,
0.410321,0.253360,
0.406382,0.250431,
0.385299,0.268192,
0.388595,0.263191,
0.413197,0.257148,
0.407371,0.256485,
0.385254,0.258074,
0.384463,0.263158,
0.410333,0.272896,
0.409451,0.266760,
0.413103,0.269131,
0.391126,0.256449,
0.389314,0.259606,
0.406486,0.275963,
0.407350,0.269891,
0.387922,0.253668,
0.393950,0.254128,
0.401734,0.277751,
0.404485,0.272218,
0.391887,0.250455,
0.397395,0.252892,
0.396592,0.277697,
0.393953,0.272308,
0.397405,0.273522,
0.401045,0.273446,
0.396665,0.248813,
0.391766,0.275932,
0.395014,0.259727,
0.394050,0.261358,
0.402028,0.267718,
0.403490,0.266418,
0.400228,0.268437,
0.398302,0.257922,
0.396491,0.258536,
0.398302,0.268501,
0.396491,0.267895,
0.402046,0.258689,
0.400226,0.257977,
0.395014,0.266700,
0.393710,0.263213,
0.394050,0.265070,
0.409468,0.259575,
0.403516,0.259976,
0.404412,0.264684,
0.399096,0.263211,
0.404447,0.261702,
0.397398,0.083507,
0.392902,0.080235,
0.395771,0.079644,
0.388458,0.083577,
0.392935,0.084426,
0.388458,0.061805,
0.392902,0.065147,
0.390024,0.065693,
0.398198,0.078005,
0.401174,0.080957,
0.387571,0.067294,
0.384643,0.064295,
0.403694,0.077161,
0.399818,0.075564,
0.385913,0.069708,
0.382063,0.068051,
0.400387,0.072691,
0.404578,0.072691,
0.385299,0.072572,
0.381108,0.072506,
0.399818,0.069818,
0.403694,0.068221,
0.381108,0.072876,
0.385913,0.075674,
0.382063,0.077331,
0.398198,0.067378,
0.401174,0.064425,
0.384643,0.081087,
0.387571,0.078088,
0.397398,0.061875,
0.395771,0.065738,
0.390024,0.079689,
0.392935,0.060956,
0.819298,0.140533,
0.802568,0.137049,
0.819405,0.137606,
0.819559,0.114177,
0.802652,0.111694,
0.819492,0.111249,
0.819492,0.134678,
0.802717,0.131416,
0.819559,0.131750,
0.802652,0.134233,
0.802568,0.108877,
0.819404,0.108321,
0.802764,0.128599,
0.819608,0.128821,
0.819298,0.105394,
0.802466,0.106062,
0.819637,0.125892,
0.802792,0.125781,
0.819172,0.102467,
0.802345,0.103247,
0.819646,0.122963,
0.802801,0.122963,
0.819027,0.099542,
0.802205,0.100432,
0.802792,0.120146,
0.819637,0.120034,
0.819027,0.146385,
0.802345,0.142680,
0.819172,0.143459,
0.802764,0.117328,
0.819608,0.117105,
0.802466,0.139865,
0.802717,0.114511,
0.582062,0.061864,
0.582612,0.064628,
0.575391,0.064628,
0.568719,0.067391,
0.568169,0.064628,
0.580497,0.059522,
0.570284,0.069734,
0.578154,0.057956,
0.572627,0.071300,
0.575391,0.057406,
0.578154,0.071300,
0.575391,0.071849,
0.572627,0.057956,
0.580497,0.069734,
0.570284,0.059522,
0.582062,0.067391,
0.568719,0.061864,
0.676349,0.469754,
0.634437,0.465198,
0.676349,0.465198,
0.676349,0.501649,
0.634437,0.497093,
0.676349,0.497093,
0.634437,0.460642,
0.676349,0.460642,
0.634437,0.492536,
0.676349,0.492536,
0.634437,0.456085,
0.676349,0.456085,
0.634437,0.487980,
0.676349,0.487980,
0.634437,0.451529,
0.676349,0.451529,
0.634437,0.483424,
0.676349,0.483424,
0.676349,0.524431,
0.634437,0.519875,
0.676349,0.519875,
0.634437,0.478867,
0.676349,0.478867,
0.634437,0.515318,
0.676349,0.515318,
0.634437,0.474311,
0.676349,0.474311,
0.676349,0.510762,
0.634437,0.506205,
0.676349,0.506205,
0.634437,0.510762,
0.634437,0.469754,
0.634437,0.501649,
0.597909,0.235219,
0.600362,0.240817,
0.596981,0.239434,
0.580681,0.254105,
0.586421,0.255955,
0.583126,0.258572,
0.606281,0.240584,
0.602534,0.237274,
0.579913,0.249018,
0.584678,0.252735,
0.608748,0.244847,
0.603036,0.243333,
0.580932,0.243933,
0.584155,0.249112,
0.605555,0.250212,
0.604772,0.246576,
0.586870,0.242425,
0.584962,0.245549,
0.601317,0.262864,
0.602871,0.256774,
0.605325,0.260415,
0.587864,0.236433,
0.583815,0.239626,
0.596212,0.259888,
0.599722,0.258830,
0.593328,0.239152,
0.589841,0.240271,
0.591540,0.263846,
0.589144,0.258409,
0.592557,0.259744,
0.596538,0.264143,
0.592807,0.235037,
0.586918,0.261890,
0.590648,0.245881,
0.589637,0.247473,
0.597473,0.254154,
0.598982,0.252902,
0.595625,0.254798,
0.593988,0.244221,
0.592167,0.244758,
0.591883,0.254102,
0.593685,0.254777,
0.597651,0.245160,
0.595891,0.244367,
0.590434,0.252850,
0.589517,0.251185,
0.599035,0.246518,
0.589244,0.249316,
0.600078,0.250275,
0.599884,0.248280,
0.594597,0.249527,
0.013802,0.025424,
0.016629,0.020636,
0.018263,0.024496,
0.010883,0.020692,
0.013761,0.021233,
0.009283,0.002811,
0.013733,0.006145,
0.010856,0.006696,
0.019053,0.018992,
0.022034,0.021939,
0.008407,0.008301,
0.005472,0.005308,
0.024547,0.018138,
0.020669,0.016549,
0.002900,0.009069,
0.006753,0.010719,
0.025424,0.013667,
0.021232,0.013675,
0.006144,0.013584,
0.001953,0.013526,
0.020658,0.010802,
0.024531,0.009199,
0.006673,0.016465,
0.002775,0.018007,
0.019033,0.008365,
0.022003,0.005407,
0.002917,0.018349,
0.008427,0.019096,
0.005504,0.022100,
0.018223,0.002864,
0.016603,0.006731,
0.009324,0.024583,
0.013758,0.001953,
0.461476,0.186621,
0.456713,0.203033,
0.458565,0.186290,
0.435224,0.184253,
0.431322,0.200891,
0.432300,0.184074,
0.455653,0.185976,
0.451080,0.202443,
0.452739,0.185679,
0.453897,0.202730,
0.428495,0.200734,
0.429376,0.183913,
0.448262,0.202172,
0.449824,0.185399,
0.425667,0.200595,
0.426450,0.183768,
0.445442,0.201918,
0.446906,0.185136,
0.422838,0.200471,
0.423524,0.183640,
0.442620,0.201679,
0.443988,0.184890,
0.420008,0.200364,
0.420597,0.183529,
0.439797,0.201458,
0.441068,0.184661,
0.417178,0.200273,
0.417670,0.183435,
0.438146,0.184448,
0.436973,0.201252,
0.464384,0.186968,
0.459526,0.203352,
0.434148,0.201063,
0.845526,0.006433,
0.846078,0.009210,
0.838821,0.009210,
0.832117,0.011987,
0.831564,0.009210,
0.843953,0.004079,
0.833690,0.014342,
0.841598,0.002506,
0.836044,0.015915,
0.838821,0.001953,
0.841598,0.015915,
0.838821,0.016467,
0.836044,0.002506,
0.843953,0.014342,
0.833690,0.004079,
0.845526,0.011987,
0.832117,0.006433,
0.417148,0.599506,
0.375236,0.594969,
0.417148,0.594969,
0.417148,0.631270,
0.375236,0.626732,
0.417148,0.626732,
0.375236,0.590431,
0.417148,0.590431,
0.375236,0.622194,
0.417148,0.622194,
0.375236,0.585893,
0.417148,0.585893,
0.375236,0.617657,
0.417148,0.617657,
0.417148,0.658495,
0.375236,0.653958,
0.417148,0.653958,
0.375236,0.613119,
0.417148,0.613119,
0.375236,0.649420,
0.417148,0.649420,
0.375236,0.608581,
0.417148,0.608581,
0.375236,0.644882,
0.417148,0.644882,
0.375236,0.604044,
0.417148,0.604044,
0.417148,0.640345,
0.375236,0.635807,
0.417148,0.635807,
0.375236,0.640345,
0.375236,0.599506,
0.375236,0.631270,
0.387430,0.279157,
0.390044,0.284681,
0.386666,0.283423,
0.373569,0.302763,
0.375000,0.296972,
0.376840,0.300093,
0.392087,0.280974,
0.392861,0.287030,
0.371032,0.298364,
0.374330,0.293403,
0.398618,0.287891,
0.395853,0.284054,
0.370993,0.288356,
0.370203,0.293376,
0.395891,0.302678,
0.394832,0.296587,
0.398545,0.298854,
0.376814,0.286711,
0.375038,0.289855,
0.392135,0.305826,
0.392834,0.299757,
0.377541,0.280730,
0.373662,0.284024,
0.387438,0.307705,
0.390053,0.302132,
0.383058,0.283264,
0.379664,0.284491,
0.382315,0.307728,
0.379645,0.302382,
0.383074,0.303547,
0.386675,0.303412,
0.382372,0.279171,
0.377491,0.306021,
0.380567,0.289923,
0.379597,0.291555,
0.387588,0.297855,
0.389028,0.296529,
0.385797,0.298600,
0.383873,0.288143,
0.382054,0.288739,
0.382061,0.298098,
0.383875,0.298686,
0.387601,0.288970,
0.385795,0.288222,
0.380571,0.296912,
0.379595,0.295281,
0.394839,0.290173,
0.389049,0.290283,
0.379254,0.293417,
0.389909,0.294777,
0.384606,0.293416,
0.389940,0.292026,
0.163296,0.025057,
0.158820,0.021967,
0.161740,0.021365,
0.154393,0.025128,
0.158851,0.025973,
0.154393,0.003444,
0.158820,0.006604,
0.155890,0.007160,
0.164212,0.019696,
0.167056,0.022517,
0.153392,0.008790,
0.150593,0.005923,
0.169566,0.018737,
0.165861,0.017211,
0.148024,0.009663,
0.151703,0.011248,
0.170446,0.014286,
0.166440,0.014286,
0.147072,0.014100,
0.151078,0.014164,
0.165861,0.011360,
0.169566,0.009834,
0.147072,0.014471,
0.151703,0.017324,
0.148024,0.018908,
0.164212,0.008876,
0.167056,0.006054,
0.153392,0.019782,
0.150593,0.022648,
0.163296,0.003514,
0.161740,0.007207,
0.155890,0.021411,
0.158851,0.002598,
0.946925,0.162697,
0.930238,0.158908,
0.947083,0.159719,
0.947313,0.135869,
0.930360,0.133537,
0.947212,0.132888,
0.947313,0.153759,
0.930360,0.156091,
0.930455,0.153272,
0.947212,0.156740,
0.947083,0.129909,
0.930237,0.130720,
0.930523,0.150453,
0.947384,0.150778,
0.930088,0.127904,
0.946925,0.126931,
0.947427,0.147796,
0.930563,0.147634,
0.929912,0.125090,
0.946739,0.123954,
0.930577,0.144814,
0.947442,0.144814,
0.929708,0.122277,
0.946524,0.120980,
0.930563,0.141994,
0.947427,0.141832,
0.946739,0.165674,
0.929709,0.167351,
0.929912,0.164538,
0.930522,0.139175,
0.947384,0.138850,
0.930088,0.161724,
0.930455,0.136356,
0.556908,0.006415,
0.557458,0.009180,
0.550231,0.009180,
0.543554,0.011946,
0.543004,0.009180,
0.555341,0.004070,
0.545121,0.014290,
0.552997,0.002503,
0.547465,0.015857,
0.550231,0.001953,
0.552997,0.015857,
0.550231,0.016407,
0.547465,0.002503,
0.555341,0.014290,
0.545121,0.004070,
0.556908,0.011946,
0.543554,0.006415,
0.103200,0.018224,
0.105914,0.002158,
0.106479,0.018100,
0.080266,0.019546,
0.082426,0.003396,
0.083540,0.019309,
0.109272,0.002047,
0.109759,0.017991,
0.086814,0.019088,
0.085778,0.003170,
0.112631,0.001953,
0.113040,0.017899,
0.089132,0.002960,
0.090089,0.018883,
0.063920,0.020974,
0.058994,0.005443,
0.062337,0.005101,
0.093366,0.018694,
0.092487,0.002767,
0.067186,0.020656,
0.065682,0.004776,
0.095843,0.002590,
0.096643,0.018521,
0.070454,0.020354,
0.072375,0.004175,
0.073724,0.020069,
0.069028,0.004467,
0.099199,0.002430,
0.099921,0.018365,
0.076994,0.019799,
0.075724,0.003899,
0.102556,0.002286,
0.079074,0.003639,
0.198340,0.004417,
0.200163,0.007145,
0.192392,0.010364,
0.184621,0.013583,
0.183981,0.010364,
0.200803,0.010364,
0.184621,0.007145,
0.200163,0.013583,
0.186445,0.004417,
0.198340,0.016312,
0.189173,0.002593,
0.195611,0.018135,
0.192392,0.001953,
0.192392,0.018775,
0.189173,0.018135,
0.195611,0.002593,
0.186445,0.016312,
0.520829,0.019784,
0.522377,0.024483,
0.518650,0.021904,
0.533092,0.007399,
0.531368,0.002762,
0.535190,0.005199,
0.518995,0.016969,
0.516176,0.018106,
0.537806,0.008900,
0.535032,0.010143,
0.518362,0.013669,
0.515322,0.013655,
0.538828,0.013315,
0.535789,0.013417,
0.516216,0.009212,
0.519025,0.010374,
0.535252,0.016734,
0.538103,0.017789,
0.518724,0.005437,
0.520885,0.007575,
0.534999,0.017345,
0.535113,0.022290,
0.533035,0.020071,
0.522474,0.002891,
0.523665,0.005688,
0.531269,0.024692,
0.530185,0.021851,
0.526952,0.004993,
0.526908,0.001953,
0.523592,0.021697,
0.526802,0.025461,
0.526874,0.022422,
0.530259,0.005593,
0.152944,0.572192,
0.167168,0.576724,
0.152944,0.576724,
0.152944,0.540466,
0.167168,0.544998,
0.152944,0.544998,
0.152944,0.567660,
0.167168,0.572192,
0.152944,0.526869,
0.167168,0.531401,
0.152944,0.531401,
0.152944,0.535933,
0.167168,0.540466,
0.167168,0.563127,
0.167168,0.567660,
0.152944,0.522336,
0.167168,0.526869,
0.167168,0.535933,
0.152944,0.558595,
0.152944,0.563127,
0.152944,0.517804,
0.167168,0.522336,
0.152944,0.554063,
0.167168,0.558595,
0.152944,0.585789,
0.167168,0.590321,
0.152944,0.590321,
0.152944,0.549530,
0.167168,0.554063,
0.152944,0.581257,
0.167168,0.585789,
0.167168,0.549530,
0.167168,0.581257,
0.800104,0.079052,
0.802818,0.095117,
0.799538,0.094993,
0.822478,0.096202,
0.826943,0.080533,
0.825751,0.096439,
0.796745,0.078941,
0.796258,0.094885,
0.820239,0.080063,
0.819204,0.095981,
0.793386,0.078847,
0.792978,0.094793,
0.816885,0.079853,
0.815928,0.095776,
0.843681,0.081994,
0.845363,0.098200,
0.842098,0.097867,
0.813531,0.079660,
0.812652,0.095587,
0.838831,0.097549,
0.810175,0.079483,
0.809375,0.095415,
0.833643,0.081068,
0.835563,0.097248,
0.832294,0.096962,
0.836990,0.081360,
0.806097,0.095258,
0.829023,0.096693,
0.803461,0.079179,
0.304721,0.004417,
0.310668,0.010364,
0.302898,0.007145,
0.318439,0.013583,
0.319079,0.010364,
0.302257,0.010364,
0.318439,0.007145,
0.302898,0.013583,
0.316616,0.004417,
0.304721,0.016312,
0.313887,0.002593,
0.307450,0.018135,
0.310668,0.001953,
0.310668,0.018775,
0.313887,0.018135,
0.307450,0.002593,
0.316616,0.016312,
0.888149,0.047233,
0.886602,0.051931,
0.885386,0.049145,
0.875886,0.034848,
0.877611,0.030211,
0.878720,0.033041,
0.889983,0.044417,
0.890329,0.049352,
0.871173,0.036348,
0.873947,0.037591,
0.890616,0.041117,
0.892803,0.045554,
0.870151,0.040764,
0.873189,0.040865,
0.892763,0.036660,
0.889954,0.037823,
0.870876,0.045238,
0.873727,0.044182,
0.890254,0.032885,
0.888094,0.035024,
0.873866,0.049738,
0.873979,0.044793,
0.875944,0.047519,
0.886504,0.030339,
0.885314,0.033137,
0.877710,0.052140,
0.878793,0.049300,
0.882026,0.032441,
0.882105,0.049870,
0.181392,0.572192,
0.181392,0.576724,
0.181392,0.540466,
0.181392,0.544998,
0.181392,0.567660,
0.181392,0.526869,
0.181392,0.531401,
0.181392,0.535933,
0.181392,0.563127,
0.181392,0.522336,
0.181392,0.558595,
0.181392,0.517804,
0.181392,0.554063,
0.181392,0.585789,
0.181392,0.590321,
0.181392,0.549530,
0.181392,0.581257,
0.155175,0.075601,
0.157711,0.085067,
0.152811,0.076580,
0.149224,0.089967,
0.150781,0.091997,
0.167178,0.087604,
0.167512,0.085067,
0.157711,0.075267,
0.148245,0.087604,
0.166199,0.089967,
0.160248,0.075601,
0.147911,0.085067,
0.164641,0.091997,
0.162611,0.076580,
0.148245,0.082531,
0.162611,0.093554,
0.164641,0.078137,
0.149224,0.080167,
0.160248,0.094534,
0.155175,0.094534,
0.157711,0.094867,
0.166199,0.080167,
0.150781,0.078137,
0.152811,0.093554,
0.167178,0.082531,
0.949021,0.015166,
0.950824,0.012803,
0.950530,0.015245,
0.956170,0.031619,
0.955368,0.028756,
0.957140,0.030459,
0.978591,0.033790,
0.975640,0.033501,
0.977868,0.032466,
0.949335,0.012532,
0.951441,0.010428,
0.954258,0.029782,
0.953822,0.026842,
0.976183,0.034911,
0.973292,0.034226,
0.950007,0.009962,
0.952361,0.008156,
0.952590,0.027717,
0.952542,0.024748,
0.973649,0.035692,
0.970871,0.034655,
0.952340,0.005207,
0.953630,0.006036,
0.951203,0.025445,
0.951570,0.022496,
0.971033,0.036160,
0.968420,0.034729,
0.955127,0.004018,
0.950150,0.023001,
0.950899,0.020133,
0.968378,0.036237,
0.965970,0.034497,
0.963140,0.035396,
0.961286,0.033074,
0.963576,0.033950,
0.984626,0.028739,
0.981808,0.029535,
0.983547,0.027689,
0.949422,0.020446,
0.950548,0.017702,
0.965736,0.035989,
0.960656,0.034443,
0.959125,0.031904,
0.982854,0.030646,
0.979937,0.031147,
0.949040,0.017818,
0.958318,0.033180,
0.980838,0.032367,
0.957433,0.034600,
0.955099,0.032909,
0.962659,0.036962,
0.947788,0.020803,
0.947369,0.017952,
0.985988,0.029667,
0.984041,0.031859,
0.959967,0.035964,
0.965447,0.037636,
0.948580,0.023570,
0.952802,0.001953,
0.953936,0.003139,
0.971197,0.037800,
0.968313,0.037933,
0.949745,0.026194,
0.951024,0.007506,
0.950973,0.004249,
0.949533,0.006749,
0.976792,0.036473,
0.974037,0.037345,
0.948429,0.009411,
0.979401,0.035252,
0.951209,0.028661,
0.947694,0.012197,
0.981814,0.033691,
0.952998,0.030922,
0.947324,0.015060,
0.356411,0.083915,
0.351146,0.081460,
0.356189,0.081046,
0.388394,0.113884,
0.384901,0.118595,
0.385605,0.113605,
0.363938,0.101762,
0.362364,0.107268,
0.360179,0.104912,
0.356842,0.086715,
0.351402,0.084604,
0.391201,0.113938,
0.388087,0.118888,
0.365873,0.103786,
0.364695,0.109467,
0.357501,0.089448,
0.351911,0.087750,
0.393999,0.113757,
0.391284,0.118958,
0.367936,0.105678,
0.367217,0.111450,
0.358387,0.092107,
0.352676,0.090856,
0.396784,0.113342,
0.394481,0.118745,
0.370142,0.107405,
0.369886,0.113244,
0.359478,0.094690,
0.353711,0.093883,
0.399548,0.112686,
0.397648,0.118287,
0.372478,0.108943,
0.372714,0.114756,
0.380136,0.112413,
0.375611,0.116131,
0.377519,0.111409,
0.360787,0.097152,
0.354937,0.096846,
0.402349,0.111865,
0.400712,0.117501,
0.374954,0.110278,
0.381738,0.118053,
0.378659,0.117138,
0.362283,0.099519,
0.356489,0.099657,
0.351176,0.078399,
0.356067,0.078064,
0.382854,0.113078,
0.358216,0.102359,
0.352511,0.098036,
0.351075,0.094907,
0.398240,0.120921,
0.368496,0.115536,
0.374600,0.118627,
0.404988,0.118781,
0.401661,0.120142,
0.371440,0.117269,
0.381139,0.120668,
0.377813,0.119834,
0.355988,0.103981,
0.354074,0.101118,
0.348581,0.077848,
0.358133,0.106649,
0.348393,0.081404,
0.384512,0.121337,
0.348648,0.084860,
0.391417,0.121730,
0.387956,0.121721,
0.362906,0.111580,
0.360360,0.109251,
0.349192,0.088261,
0.394851,0.121474,
0.365620,0.113689,
0.350005,0.091613,
0.410592,0.102595,
0.407129,0.106184,
0.407088,0.102866,
0.382567,0.091195,
0.377754,0.090016,
0.380569,0.088293,
0.376274,0.068054,
0.373773,0.063776,
0.376986,0.064596,
0.414057,0.101944,
0.411012,0.105864,
0.384901,0.093819,
0.379956,0.093229,
0.376004,0.071556,
0.372992,0.067587,
0.417419,0.100912,
0.414837,0.105151,
0.387507,0.096190,
0.382557,0.096130,
0.376111,0.075077,
0.372711,0.071471,
0.420629,0.099475,
0.418568,0.104008,
0.390373,0.098218,
0.385432,0.098762,
0.376586,0.078553,
0.372835,0.075361,
0.423678,0.097663,
0.422126,0.102416,
0.393461,0.099906,
0.388619,0.101011,
0.400083,0.102215,
0.395628,0.104377,
0.396711,0.101259,
0.374435,0.082995,
0.373421,0.079224,
0.426610,0.095527,
0.425452,0.100442,
0.392033,0.102875,
0.403236,0.106023,
0.399398,0.105377,
0.378897,0.085193,
0.377608,0.081910,
0.378075,0.061209,
0.376448,0.056616,
0.379498,0.057815,
0.403573,0.102683,
0.375895,0.086601,
0.374920,0.060082,
0.371063,0.079725,
0.370385,0.075620,
0.423263,0.104612,
0.387307,0.103101,
0.394857,0.106672,
0.430235,0.099800,
0.426905,0.102483,
0.390969,0.105146,
0.403016,0.108478,
0.398879,0.107832,
0.372099,0.083760,
0.374423,0.055305,
0.407188,0.108604,
0.373651,0.087642,
0.372626,0.059157,
0.378057,0.094737,
0.375625,0.091345,
0.370587,0.067267,
0.371339,0.063157,
0.415468,0.107535,
0.411366,0.108347,
0.419428,0.106261,
0.383926,0.100651,
0.380793,0.097907,
0.370203,0.071441,
0.730795,0.637599,
0.731126,0.632691,
0.733069,0.633879,
0.751261,0.604116,
0.751592,0.599208,
0.753535,0.600396,
0.767179,0.578074,
0.767510,0.573166,
0.769453,0.574354,
0.728521,0.641320,
0.728852,0.636412,
0.748987,0.607837,
0.749318,0.602929,
0.764905,0.581794,
0.765236,0.576886,
0.726247,0.645040,
0.726578,0.640132,
0.746713,0.611557,
0.747044,0.606649,
0.760688,0.584327,
0.762962,0.580607,
0.723973,0.648760,
0.724304,0.643852,
0.744439,0.615277,
0.744770,0.610369,
0.760357,0.589235,
0.762631,0.585515,
0.721699,0.652481,
0.722030,0.647573,
0.742165,0.618998,
0.742496,0.614090,
0.737617,0.626438,
0.737948,0.621530,
0.739891,0.622718,
0.758083,0.592955,
0.758414,0.588047,
0.719425,0.656201,
0.719756,0.651293,
0.740222,0.617810,
0.733400,0.628971,
0.735674,0.625251,
0.755809,0.596676,
0.756140,0.591768,
0.771727,0.570633,
0.772058,0.565725,
0.774001,0.566913,
0.735343,0.630159,
0.753866,0.595488,
0.769784,0.569446,
0.006845,0.204252,
0.004191,0.200793,
0.018656,0.192442,
0.035358,0.192442,
0.034789,0.196765,
0.014333,0.176308,
0.018656,0.175739,
0.002522,0.196765,
0.033121,0.200793,
0.022979,0.176308,
0.001953,0.192442,
0.030466,0.204252,
0.027007,0.177977,
0.002522,0.188119,
0.027007,0.206907,
0.030466,0.180631,
0.004191,0.184090,
0.022979,0.208575,
0.018656,0.209144,
0.014333,0.208575,
0.033121,0.184090,
0.006845,0.180631,
0.010304,0.206907,
0.034789,0.188119,
0.010304,0.177977,
0.970566,0.002287,
0.972929,0.003266,
0.968029,0.011753,
0.976517,0.016654,
0.974959,0.018683,
0.958563,0.014290,
0.958229,0.011753,
0.968029,0.001953,
0.977496,0.014290,
0.959542,0.016654,
0.965493,0.002287,
0.977830,0.011753,
0.961099,0.018683,
0.963129,0.003266,
0.977496,0.009217,
0.963129,0.020241,
0.961099,0.004824,
0.976517,0.006853,
0.965493,0.021220,
0.970566,0.021220,
0.968029,0.021554,
0.959542,0.006853,
0.974959,0.004824,
0.972929,0.020241,
0.958563,0.009217,
0.176362,0.012804,
0.178165,0.015166,
0.176658,0.015246,
0.171827,0.028758,
0.171007,0.031615,
0.170043,0.030451,
0.151548,0.033499,
0.148596,0.033788,
0.149320,0.032464,
0.175743,0.010428,
0.177849,0.012532,
0.173367,0.026845,
0.172933,0.029790,
0.153896,0.034224,
0.151004,0.034909,
0.174823,0.008156,
0.177178,0.009961,
0.174646,0.024749,
0.174597,0.027718,
0.156316,0.034655,
0.153538,0.035691,
0.174844,0.005207,
0.176160,0.007506,
0.175615,0.022496,
0.175985,0.025446,
0.158768,0.034729,
0.156154,0.036160,
0.172057,0.004018,
0.173554,0.006036,
0.176279,0.020129,
0.177036,0.023002,
0.161218,0.034498,
0.158809,0.036237,
0.165902,0.033075,
0.164047,0.035397,
0.163611,0.033952,
0.145381,0.029531,
0.142563,0.028734,
0.143642,0.027685,
0.176647,0.017698,
0.177754,0.020449,
0.161452,0.035990,
0.168061,0.031904,
0.166532,0.034445,
0.147251,0.031144,
0.144335,0.030642,
0.178155,0.017822,
0.168868,0.033182,
0.146350,0.032363,
0.169759,0.034602,
0.164528,0.036964,
0.179799,0.017944,
0.141200,0.029662,
0.167221,0.035966,
0.161740,0.037637,
0.178611,0.023569,
0.174381,0.001953,
0.173248,0.003140,
0.155990,0.037799,
0.177443,0.026195,
0.176211,0.004249,
0.177651,0.006749,
0.150395,0.036470,
0.178755,0.009410,
0.147786,0.035249,
0.175977,0.028658,
0.179491,0.012197,
0.145373,0.033688,
0.174181,0.030908,
0.140515,0.005570,
0.135288,0.008033,
0.135490,0.005163,
0.106764,0.042727,
0.103284,0.038010,
0.106074,0.037741,
0.131495,0.029026,
0.125730,0.027882,
0.127610,0.025818,
0.140256,0.008715,
0.134905,0.010836,
0.103577,0.043012,
0.100477,0.038055,
0.129300,0.031371,
0.123683,0.029801,
0.138973,0.014981,
0.134196,0.013542,
0.100379,0.043073,
0.097679,0.037866,
0.126973,0.033570,
0.121492,0.031545,
0.137936,0.018011,
0.133276,0.016190,
0.097183,0.042851,
0.094895,0.037442,
0.124457,0.035562,
0.119168,0.033105,
0.136706,0.020974,
0.132151,0.018745,
0.094017,0.042385,
0.092134,0.036778,
0.121795,0.037365,
0.116721,0.034455,
0.116058,0.040246,
0.111548,0.036590,
0.114171,0.035630,
0.135172,0.023781,
0.130777,0.021197,
0.090955,0.041589,
0.089335,0.035948,
0.118962,0.038883,
0.109929,0.042190,
0.108826,0.037229,
0.129293,0.023582,
0.140482,0.002508,
0.135602,0.002181,
0.133436,0.026467,
0.139152,0.022139,
0.093417,0.045017,
0.123156,0.039672,
0.117047,0.042748,
0.113011,0.041271,
0.086676,0.042857,
0.088040,0.040560,
0.110518,0.044803,
0.135673,0.028098,
0.143074,0.001953,
0.133535,0.030780,
0.143264,0.005508,
0.107145,0.045468,
0.143003,0.008962,
0.139723,0.011863,
0.100239,0.045845,
0.128732,0.035711,
0.142446,0.012351,
0.096805,0.045580,
0.126023,0.037822,
0.141649,0.015702,
0.141656,0.118555,
0.138194,0.114965,
0.141698,0.115237,
0.171047,0.102409,
0.166244,0.103600,
0.168233,0.100695,
0.174969,0.076153,
0.172468,0.080432,
0.171756,0.076973,
0.137774,0.118235,
0.134729,0.114314,
0.168848,0.105625,
0.163938,0.106242,
0.175750,0.079964,
0.172738,0.083935,
0.133949,0.117520,
0.131367,0.113281,
0.163367,0.111167,
0.161276,0.108534,
0.176032,0.083848,
0.172626,0.087458,
0.130218,0.116377,
0.128158,0.111843,
0.158415,0.110584,
0.175913,0.087737,
0.172123,0.090938,
0.126661,0.114784,
0.125110,0.110031,
0.160169,0.113393,
0.155326,0.112277,
0.153158,0.116750,
0.148704,0.114587,
0.152076,0.113632,
0.175355,0.091601,
0.171203,0.094327,
0.123335,0.112810,
0.122177,0.107894,
0.156753,0.115251,
0.145550,0.118395,
0.145213,0.115054,
0.174328,0.095367,
0.169902,0.097597,
0.172295,0.068993,
0.170667,0.073586,
0.169245,0.070192,
0.172897,0.098988,
0.173822,0.072459,
0.177711,0.092102,
0.125523,0.116980,
0.161483,0.115484,
0.153929,0.119046,
0.149388,0.117749,
0.118552,0.112166,
0.120309,0.110502,
0.145769,0.120850,
0.176667,0.096134,
0.174319,0.067682,
0.141597,0.120975,
0.175140,0.100025,
0.176116,0.071535,
0.170744,0.107130,
0.178156,0.079644,
0.133317,0.119904,
0.166229,0.108516,
0.129357,0.118630,
0.164876,0.113051,
0.178365,0.087996,
0.390104,0.423088,
0.392652,0.427443,
0.388855,0.425299,
0.355932,0.403794,
0.358481,0.408149,
0.354684,0.406006,
0.329354,0.388788,
0.331903,0.393143,
0.328106,0.390999,
0.393901,0.425232,
0.396449,0.429587,
0.359729,0.405938,
0.362277,0.410293,
0.333151,0.390932,
0.335699,0.395287,
0.397697,0.427376,
0.400246,0.431730,
0.367323,0.410226,
0.366074,0.412437,
0.336948,0.393076,
0.339496,0.397431,
0.401494,0.429519,
0.404043,0.433874,
0.369871,0.414581,
0.340745,0.395220,
0.343293,0.399574,
0.405291,0.431663,
0.407840,0.436018,
0.371119,0.412369,
0.373668,0.416724,
0.378713,0.416657,
0.381262,0.421012,
0.377465,0.418868,
0.344542,0.397363,
0.347090,0.401718,
0.409088,0.433807,
0.411636,0.438162,
0.374916,0.414513,
0.386307,0.420944,
0.385059,0.423156,
0.348338,0.399507,
0.350887,0.403862,
0.321760,0.384501,
0.324309,0.388856,
0.320512,0.386712,
0.352135,0.401651,
0.325557,0.386645,
0.551385,0.092110,
0.539574,0.080299,
0.554039,0.088650,
0.522872,0.080299,
0.523441,0.084622,
0.543897,0.064166,
0.539574,0.063597,
0.555708,0.084622,
0.525110,0.088650,
0.535251,0.064166,
0.556277,0.080299,
0.527764,0.092110,
0.531223,0.065834,
0.555708,0.075976,
0.531223,0.094764,
0.527764,0.068489,
0.554039,0.071948,
0.535251,0.096433,
0.539574,0.097002,
0.543897,0.096433,
0.525110,0.071948,
0.551385,0.068489,
0.547926,0.094764,
0.523441,0.075976,
0.547926,0.065834,
0.121909,0.717650,
0.130903,0.721427,
0.122797,0.722409,
0.113193,0.720227,
0.115222,0.724636,
0.072204,0.750786,
0.784624,0.689191,
0.791416,0.692041,
0.790620,0.694581,
0.021638,0.661731,
0.017891,0.662015,
0.019058,0.659853,
0.815674,0.636115,
0.819983,0.640587,
0.815278,0.639854,
0.808890,0.638768,
0.809040,0.635206,
0.800611,0.699740,
0.796993,0.695540,
0.801583,0.697138,
0.026015,0.770849,
0.026257,0.776441,
0.023763,0.772237,
0.118526,0.730512,
0.124565,0.728957,
0.130604,0.727858,
0.819125,0.569594,
0.820487,0.636321,
0.801439,0.634715,
0.807429,0.570117,
0.051634,0.701481,
0.050069,0.704657,
0.048577,0.702680,
0.819074,0.644729,
0.814272,0.569632,
0.130571,0.735743,
0.125824,0.736508,
0.121465,0.737735,
0.075742,0.756770,
0.795995,0.698077,
0.028449,0.775034,
0.029779,0.781788,
0.814334,0.643668,
0.808100,0.642036,
0.801758,0.638072,
0.643839,0.592859,
0.641877,0.590336,
0.646102,0.590499,
0.644250,0.588243,
0.032221,0.780511,
0.800553,0.481723,
0.807786,0.481191,
0.814277,0.480972,
0.819125,0.480965,
0.800146,0.393666,
0.807700,0.393380,
0.814303,0.393095,
0.819147,0.393016,
0.805155,0.320723,
0.811886,0.320436,
0.816725,0.320187,
0.811602,0.251728,
0.797460,0.320919,
0.800226,0.252884,
0.806779,0.252189,
0.784662,0.184715,
0.792228,0.182286,
0.798479,0.180543,
0.803279,0.179884,
0.774455,0.121086,
0.781920,0.118543,
0.788242,0.116549,
0.793016,0.115692,
0.770242,0.038192,
0.764946,0.006165,
0.774881,0.036831,
0.754584,0.011530,
0.760353,0.007720,
0.765343,0.076082,
0.772918,0.073834,
0.779238,0.071991,
0.783955,0.070893,
0.757942,0.734347,
0.749803,0.723453,
0.761582,0.727785,
0.753201,0.717655,
0.764347,0.721884,
0.755145,0.713188,
0.765997,0.717297,
0.737994,0.717321,
0.720670,0.716453,
0.723209,0.709340,
0.740851,0.711415,
0.725057,0.702779,
0.726486,0.698250,
0.743000,0.707079,
0.706851,0.707353,
0.707351,0.700796,
0.707612,0.695929,
0.778844,0.726704,
0.776983,0.720850,
0.780492,0.722139,
0.775181,0.732360,
0.775378,0.725388,
0.747681,0.013572,
0.753414,0.007725,
0.745611,0.730504,
0.763771,0.039960,
0.756391,0.041782,
0.748634,0.016716,
0.705408,0.714969,
0.688687,0.708027,
0.687423,0.701267,
0.686773,0.696481,
0.689124,0.715115,
0.656028,0.716323,
0.655120,0.709384,
0.654305,0.704575,
0.618882,0.727734,
0.618209,0.719969,
0.617465,0.713256,
0.617249,0.708416,
0.562232,0.726715,
0.561498,0.719565,
0.561099,0.712789,
0.561118,0.707948,
0.500579,0.719428,
0.469136,0.726780,
0.468625,0.719595,
0.500146,0.712629,
0.468247,0.712856,
0.468062,0.708019,
0.500134,0.707781,
0.501264,0.726713,
0.386296,0.734033,
0.367202,0.727698,
0.386055,0.726501,
0.366939,0.720813,
0.385842,0.719574,
0.366741,0.715965,
0.385470,0.714738,
0.439901,0.714895,
0.439520,0.710059,
0.440333,0.721660,
0.440655,0.728969,
0.337794,0.728148,
0.312778,0.734827,
0.310392,0.727981,
0.336751,0.721386,
0.308818,0.721185,
0.308489,0.716377,
0.336694,0.716540,
0.339045,0.734790,
0.224442,0.583064,
0.225816,0.586241,
0.222604,0.585064,
0.307317,0.727800,
0.302494,0.722421,
0.305839,0.721479,
0.301221,0.717749,
0.305080,0.716825,
0.269936,0.740282,
0.260453,0.749724,
0.258667,0.742384,
0.268429,0.733628,
0.257117,0.735859,
0.267319,0.728934,
0.256374,0.731033,
0.245136,0.751279,
0.230273,0.744652,
0.244562,0.743990,
0.230504,0.737794,
0.243885,0.737348,
0.230524,0.732948,
0.243522,0.732514,
0.214774,0.743911,
0.197720,0.749118,
0.198900,0.741930,
0.200170,0.735187,
0.215501,0.737112,
0.200904,0.730399,
0.215899,0.732281,
0.166932,0.743571,
0.168162,0.736406,
0.169500,0.729625,
0.170403,0.724863,
0.131281,0.716652,
0.277986,0.725834,
0.307455,0.735844,
0.310128,0.734740,
0.304040,0.728935,
0.279431,0.730496,
0.280854,0.737240,
0.283028,0.744171,
0.214286,0.751020,
0.763422,0.001953,
0.758815,0.003590,
0.772170,0.731186,
0.517587,0.187896,
0.517638,0.206418,
0.510596,0.203202,
0.566877,0.210409,
0.566928,0.228931,
0.559886,0.225715,
0.510545,0.184680,
0.503555,0.199986,
0.552845,0.222499,
0.496513,0.196769,
0.545803,0.219283,
0.559836,0.207193,
0.489421,0.175032,
0.489472,0.193553,
0.482430,0.190337,
0.496463,0.178248,
0.545753,0.200761,
0.538762,0.216067,
0.482380,0.171815,
0.475389,0.187121,
0.531721,0.212850,
0.475338,0.168599,
0.468347,0.183905,
0.524679,0.209634,
0.538711,0.197545,
0.580960,0.216842,
0.581011,0.235364,
0.573969,0.232147,
0.524628,0.191112,
0.573919,0.213626,
0.733727,0.025157,
0.718068,0.018169,
0.719972,0.015466,
0.720399,0.044075,
0.704740,0.037087,
0.706644,0.034384,
0.735631,0.022454,
0.721876,0.012763,
0.722303,0.041372,
0.708548,0.031681,
0.737535,0.019752,
0.723780,0.010061,
0.710452,0.028979,
0.741343,0.014347,
0.725684,0.007358,
0.727587,0.004656,
0.726111,0.035967,
0.712356,0.026276,
0.743247,0.011644,
0.729491,0.001953,
0.728015,0.033265,
0.714260,0.023574,
0.714688,0.052183,
0.699028,0.045194,
0.700932,0.042492,
0.729919,0.030562,
0.716164,0.020871,
0.716592,0.049480,
0.702836,0.039789,
0.731823,0.027859,
0.794334,0.054404,
0.807168,0.042598,
0.809274,0.046663,
0.779592,0.025952,
0.792426,0.014147,
0.794532,0.018211,
0.796440,0.058468,
0.811380,0.050727,
0.796638,0.022276,
0.798546,0.062533,
0.813486,0.054792,
0.798744,0.026340,
0.781698,0.030017,
0.802758,0.070662,
0.815592,0.058856,
0.817698,0.062921,
0.800652,0.066597,
0.800850,0.030405,
0.783804,0.034081,
0.804864,0.074726,
0.819804,0.066985,
0.788016,0.042210,
0.802956,0.034469,
0.773274,0.013759,
0.786108,0.001953,
0.788214,0.006018,
0.790122,0.046275,
0.805062,0.038534,
0.775380,0.017823,
0.790320,0.010082,
0.792228,0.050339,
0.777486,0.021888,
0.014128,0.044734,
0.030825,0.049774,
0.028390,0.053663,
0.031172,0.017510,
0.047869,0.022550,
0.045434,0.026439,
0.011693,0.048623,
0.025955,0.057552,
0.028737,0.021399,
0.042999,0.030328,
0.009258,0.052512,
0.023520,0.061441,
0.026302,0.025288,
0.040564,0.034217,
0.004388,0.060290,
0.021085,0.065330,
0.018650,0.069219,
0.006823,0.056401,
0.023867,0.029177,
0.038129,0.038106,
0.016215,0.073109,
0.021433,0.033066,
0.035694,0.041995,
0.038477,0.005842,
0.055174,0.010882,
0.052739,0.014771,
0.018998,0.036955,
0.033260,0.045885,
0.036042,0.009731,
0.050304,0.018661,
0.016563,0.040845,
0.033607,0.013621,
0.821892,0.055138,
0.836661,0.045862,
0.837993,0.050253,
0.812567,0.024402,
0.827336,0.015126,
0.828668,0.019517,
0.823224,0.059529,
0.839326,0.054644,
0.813899,0.028793,
0.830001,0.023907,
0.824556,0.063920,
0.840658,0.059034,
0.815231,0.033183,
0.831333,0.028298,
0.827220,0.072701,
0.841990,0.063425,
0.843322,0.067816,
0.816563,0.037574,
0.832665,0.032689,
0.828552,0.077092,
0.844654,0.072207,
0.833997,0.037080,
0.808570,0.011229,
0.823340,0.001953,
0.824672,0.006344,
0.819227,0.046356,
0.835329,0.041471,
0.809902,0.015620,
0.826004,0.010735,
0.820559,0.050747,
0.811234,0.020011,
0.053744,0.525649,
0.064685,0.503868,
0.069358,0.508108,
0.037191,0.540528,
0.048522,0.521187,
0.033495,0.563722,
0.042749,0.543163,
0.023741,0.583957,
0.028113,0.562074,
0.017052,0.592297,
0.017954,0.582877,
0.023439,0.591909,
0.018496,0.605249,
0.024608,0.615921,
0.024001,0.605995,
0.244006,0.517294,
0.242393,0.507792,
0.249022,0.513710,
0.237805,0.512648,
0.234071,0.504137,
0.230454,0.509821,
0.211309,0.501829,
0.195004,0.502668,
0.212666,0.508986,
0.173702,0.495947,
0.190824,0.494411,
0.132673,0.478977,
0.170422,0.487797,
0.126974,0.477669,
0.132377,0.472528,
0.121489,0.477834,
0.126682,0.469842,
0.102512,0.481412,
0.119465,0.471172,
0.102286,0.487501,
0.083611,0.490149,
0.084808,0.495274,
0.089348,0.505020,
0.102971,0.497688,
0.124895,0.487488,
0.126800,0.487118,
0.128933,0.487329,
0.174652,0.505530,
0.197833,0.513911,
0.216354,0.518546,
0.230926,0.520181,
0.234117,0.521408,
0.237968,0.523880,
0.033472,0.613186,
0.033064,0.606652,
0.032969,0.592652,
0.033982,0.587476,
0.041583,0.567222,
0.050529,0.547445,
0.060927,0.530280,
0.074271,0.515672,
0.078029,0.519773,
0.055441,0.550074,
0.065471,0.533705,
0.046702,0.569409,
0.038003,0.593293,
0.038905,0.588886,
0.038020,0.606614,
0.038372,0.613020,
0.235946,0.528078,
0.232272,0.526152,
0.229574,0.525149,
0.196372,0.518711,
0.215295,0.523400,
0.172929,0.510197,
0.128148,0.492354,
0.125828,0.492520,
0.126946,0.492388,
0.105116,0.502113,
0.092087,0.509239,
0.517748,0.683447,
0.519664,0.678226,
0.520958,0.682884,
0.555566,0.681850,
0.525754,0.699961,
0.523428,0.692131,
0.551065,0.672891,
0.585461,0.655070,
0.587228,0.659742,
0.591577,0.668665,
0.631903,0.658787,
0.593915,0.674983,
0.625813,0.644116,
0.655967,0.627179,
0.658723,0.631423,
0.661494,0.629463,
0.657754,0.625914,
0.663289,0.627189,
0.658987,0.624639,
0.676258,0.587375,
0.671720,0.585822,
0.685939,0.543711,
0.690502,0.545255,
0.622600,0.274898,
0.622795,0.255747,
0.627224,0.273687,
0.613321,0.240622,
0.617423,0.238048,
0.580109,0.195679,
0.576440,0.198771,
0.546454,0.162011,
0.549951,0.158699,
0.544682,0.160454,
0.547957,0.157305,
0.558828,0.144297,
0.550662,0.149461,
0.549316,0.140828,
0.590634,0.184217,
0.555607,0.150711,
0.626218,0.232963,
0.587282,0.189275,
0.638241,0.251685,
0.632994,0.230489,
0.636704,0.272920,
0.645128,0.274322,
0.690513,0.593628,
0.700000,0.546992,
0.708530,0.546882,
0.672018,0.633017,
0.685447,0.589994,
0.676852,0.637929,
0.668639,0.637266,
0.667330,0.645819,
0.672581,0.642888,
0.664133,0.640092,
0.558333,0.687591,
0.515322,0.700370,
0.549495,0.668367,
0.632122,0.253056,
0.629677,0.652380,
0.518294,0.692295,
0.240577,0.023214,
0.220347,0.036338,
0.218393,0.028033,
0.122636,0.060028,
0.119159,0.068595,
0.116815,0.061477,
0.133820,0.056565,
0.125620,0.066321,
0.196930,0.024554,
0.193722,0.032834,
0.189891,0.025498,
0.295107,0.084490,
0.284533,0.078860,
0.293906,0.077020,
0.147038,0.052138,
0.139003,0.062542,
0.169119,0.041573,
0.162366,0.053440,
0.157900,0.046972,
0.258376,0.010410,
0.236885,0.016352,
0.202855,0.088600,
0.240050,0.080160,
0.240320,0.087323,
0.216581,0.020726,
0.198436,0.031598,
0.283001,0.019729,
0.286557,0.024359,
0.283706,0.024589,
0.289757,0.020116,
0.286371,0.019478,
0.291709,0.068592,
0.367392,0.030823,
0.369266,0.035214,
0.283441,0.070205,
0.290154,0.064050,
0.274907,0.070756,
0.282679,0.065452,
0.239784,0.071658,
0.274627,0.065980,
0.201699,0.072445,
0.239661,0.066868,
0.115892,0.083956,
0.117730,0.090857,
0.113935,0.088696,
0.118698,0.079917,
0.119761,0.086690,
0.123207,0.076562,
0.122152,0.083369,
0.129147,0.074092,
0.125863,0.080644,
0.143150,0.070040,
0.131046,0.078510,
0.154967,0.065858,
0.144775,0.074538,
0.166600,0.060954,
0.156769,0.070305,
0.182275,0.057788,
0.168686,0.065225,
0.194861,0.042671,
0.179803,0.053724,
0.197634,0.041115,
0.197211,0.046884,
0.200637,0.040067,
0.199558,0.045639,
0.202064,0.044690,
0.243503,0.031298,
0.221381,0.041022,
0.264344,0.025473,
0.244651,0.035947,
0.265582,0.030052,
0.111586,0.073373,
0.105726,0.067936,
0.374480,0.042229,
0.381386,0.047252,
0.261604,0.017411,
0.189746,0.035575,
0.174670,0.047034,
0.151147,0.058224,
0.275919,0.079215,
0.277442,0.086421,
0.278726,0.003896,
0.287243,0.010296,
0.281023,0.011085,
0.106849,0.081060,
0.202148,0.081030,
0.106413,0.087125,
0.184543,0.030325,
0.298216,0.006718,
0.289059,0.001953,
0.292652,0.012669,
0.099258,0.080445,
0.099286,0.088451,
0.285239,0.086897,
0.621572,0.545038,
0.623858,0.557242,
0.610085,0.541110,
0.595901,0.565154,
0.596020,0.541236,
0.584084,0.563454,
0.563469,0.574649,
0.569985,0.561230,
0.432196,0.696577,
0.436547,0.679802,
0.475609,0.672032,
0.413171,0.566370,
0.395864,0.577229,
0.381545,0.566027,
0.542764,0.575982,
0.531221,0.571292,
0.084550,0.657066,
0.092033,0.652066,
0.118432,0.681583,
0.210272,0.612608,
0.197681,0.614472,
0.207441,0.606232,
0.063219,0.575429,
0.075723,0.612694,
0.066897,0.614450,
0.322248,0.695741,
0.293674,0.710498,
0.298687,0.698115,
0.604631,0.572382,
0.521490,0.577351,
0.473977,0.567997,
0.120968,0.677789,
0.633642,0.597816,
0.636890,0.592955,
0.638196,0.580874,
0.632343,0.577926,
0.627485,0.573802,
0.067718,0.573568,
0.095627,0.595130,
0.612452,0.576626,
0.609204,0.581487,
0.617719,0.574358,
0.636970,0.587221,
0.635911,0.581893,
0.421234,0.577623,
0.354034,0.571338,
0.370489,0.578701,
0.478744,0.576727,
0.324226,0.603214,
0.469392,0.581727,
0.467748,0.593471,
0.300875,0.583973,
0.205955,0.707009,
0.279146,0.706209,
0.337977,0.634911,
0.327402,0.617383,
0.498356,0.678196,
0.482778,0.665504,
0.499144,0.663586,
0.606424,0.587265,
0.608063,0.587221,
0.252956,0.586549,
0.245812,0.603515,
0.287925,0.601783,
0.266220,0.604095,
0.281763,0.586876,
0.137509,0.677788,
0.133714,0.675253,
0.147085,0.673938,
0.609204,0.592955,
0.608159,0.601667,
0.623637,0.609352,
0.224856,0.602604,
0.215231,0.604335,
0.612452,0.597816,
0.122115,0.612655,
0.092032,0.619449,
0.452714,0.618237,
0.480835,0.611900,
0.628781,0.601064,
0.617313,0.601064,
0.623047,0.602205,
0.098788,0.635758,
0.097032,0.626931,
0.603889,0.612953,
0.310672,0.598304,
0.596529,0.631056,
0.583444,0.626832,
0.129239,0.697756,
0.133715,0.696865,
0.117093,0.700882,
0.075724,0.658822,
0.153305,0.657637,
0.138077,0.619765,
0.154492,0.623560,
0.279146,0.678574,
0.263947,0.690415,
0.493539,0.629788,
0.184676,0.643207,
0.170475,0.623415,
0.186524,0.619862,
0.202112,0.629257,
0.193750,0.636693,
0.044265,0.619816,
0.084549,0.614450,
0.306703,0.677129,
0.059415,0.619450,
0.054415,0.626932,
0.290593,0.706209,
0.295445,0.702967,
0.485420,0.654547,
0.052660,0.635758,
0.499144,0.642395,
0.495896,0.647256,
0.563439,0.640412,
0.504005,0.639147,
0.509514,0.639150,
0.515850,0.640672,
0.269914,0.692392,
0.271052,0.698115,
0.557156,0.653325,
0.097032,0.644584,
0.054416,0.644585,
0.284869,0.677436,
0.540244,0.647660,
0.129238,0.674363,
0.519599,0.643131,
0.172199,0.648459,
0.059416,0.652067,
0.160421,0.653259,
0.523582,0.647257,
0.524723,0.652991,
0.494755,0.652990,
0.137509,0.694330,
0.140045,0.690535,
0.158538,0.688128,
0.066898,0.657066,
0.523582,0.658725,
0.495896,0.658724,
0.124762,0.675253,
0.515473,0.666834,
0.520334,0.663586,
0.140935,0.686059,
0.252331,0.695196,
0.504005,0.666834,
0.623048,0.573298,
0.509739,0.667974,
0.284870,0.707348,
0.290593,0.678574,
0.299826,0.692391,
0.310140,0.690248,
0.295445,0.681816,
0.140044,0.681583,
0.065491,0.574181,
0.275126,0.682649,
0.298687,0.686668,
0.271052,0.686668,
0.365900,0.706747,
0.395887,0.687890,
0.118432,0.690536,
0.117542,0.686060,
0.205872,0.692272,
0.168271,0.689906,
0.243182,0.694621,
0.120968,0.694330,
0.274294,0.702967,
0.124762,0.696865,
0.358200,0.692416,
0.600569,0.323793,
0.599429,0.329527,
0.589458,0.330817,
0.558444,0.363034,
0.578178,0.343786,
0.585124,0.382535,
0.260792,0.303360,
0.281986,0.305527,
0.272489,0.337552,
0.521058,0.353407,
0.547639,0.331162,
0.494273,0.232323,
0.501106,0.248770,
0.495372,0.249911,
0.344249,0.352668,
0.367154,0.328688,
0.371937,0.357762,
0.301688,0.309129,
0.307561,0.306796,
0.291331,0.340762,
0.407140,0.328988,
0.469845,0.324765,
0.469840,0.329124,
0.286815,0.213776,
0.281963,0.210534,
0.285388,0.198741,
0.464420,0.355860,
0.473630,0.331578,
0.587118,0.310158,
0.608679,0.315683,
0.603817,0.318932,
0.067094,0.304054,
0.060558,0.351091,
0.048185,0.346401,
0.088402,0.289816,
0.090158,0.280990,
0.117379,0.310468,
0.614412,0.344510,
0.626975,0.346907,
0.622804,0.360643,
0.620146,0.343370,
0.523349,0.330329,
0.387171,0.329853,
0.403582,0.357728,
0.608678,0.343370,
0.160773,0.300463,
0.146886,0.300405,
0.157745,0.257096,
0.242105,0.336150,
0.109135,0.207401,
0.116132,0.219882,
0.112337,0.222417,
0.604039,0.382768,
0.583733,0.343150,
0.603817,0.340122,
0.633654,0.336318,
0.625008,0.340122,
0.212440,0.336666,
0.210579,0.334822,
0.214255,0.337056,
0.588033,0.338322,
0.465400,0.261831,
0.490511,0.274349,
0.483621,0.304354,
0.628256,0.335261,
0.600569,0.335261,
0.281963,0.238170,
0.308382,0.239515,
0.307474,0.300132,
0.028881,0.300617,
0.005448,0.256810,
0.044030,0.280990,
0.194327,0.316321,
0.212736,0.304271,
0.641562,0.327957,
0.629396,0.329527,
0.565510,0.335348,
0.589971,0.316113,
0.058268,0.302298,
0.641179,0.324807,
0.116132,0.241494,
0.088402,0.272164,
0.112337,0.238959,
0.628256,0.323793,
0.642324,0.326701,
0.131729,0.303712,
0.436476,0.293899,
0.337765,0.278713,
0.625008,0.318932,
0.619881,0.301436,
0.620147,0.315684,
0.614412,0.314543,
0.185123,0.308780,
0.209990,0.300762,
0.197666,0.233206,
0.159283,0.236347,
0.197735,0.203049,
0.091186,0.327787,
0.569366,0.296708,
0.592985,0.279652,
0.174258,0.303523,
0.202591,0.283783,
0.075920,0.302298,
0.182494,0.267069,
0.192702,0.273609,
0.042885,0.207781,
0.067094,0.257927,
0.058268,0.259682,
0.083403,0.297299,
0.265664,0.213777,
0.217217,0.305546,
0.237441,0.303737,
0.314202,0.231540,
0.291195,0.224352,
0.290057,0.218629,
0.050786,0.297299,
0.153154,0.238551,
0.132304,0.230688,
0.131414,0.226212,
0.109802,0.226212,
0.108911,0.230688,
0.250847,0.234875,
0.270516,0.238170,
0.241912,0.231438,
0.261283,0.224352,
0.120608,0.242384,
0.550704,0.284996,
0.460869,0.253359,
0.425107,0.212788,
0.171637,0.261684,
0.501106,0.278738,
0.506840,0.277597,
0.510145,0.281649,
0.045786,0.289816,
0.151390,0.252487,
0.530779,0.278590,
0.553719,0.257396,
0.495372,0.277597,
0.493719,0.291986,
0.511701,0.274349,
0.045786,0.272164,
0.038182,0.210619,
0.040280,0.208621,
0.514949,0.269488,
0.276239,0.209396,
0.005210,0.255512,
0.005659,0.254160,
0.083403,0.264682,
0.487263,0.269488,
0.486122,0.263754,
0.516090,0.263754,
0.276239,0.239308,
0.286815,0.234928,
0.487263,0.258020,
0.514949,0.258020,
0.050786,0.264682,
0.465127,0.256379,
0.490511,0.253159,
0.511701,0.253159,
0.425925,0.245849,
0.506840,0.249911,
0.075920,0.259682,
0.262421,0.218629,
0.232854,0.231116,
0.125084,0.241494,
0.384921,0.238567,
0.149471,0.244840,
0.128878,0.238959,
0.131414,0.235164,
0.346672,0.234040,
0.357770,0.201990,
0.308838,0.233965,
0.290057,0.230075,
0.109802,0.235164,
0.128878,0.222417,
0.265664,0.234928,
0.262421,0.230075,
0.619256,0.377157,
0.270516,0.210534,
0.125084,0.219882,
0.120608,0.218991,
0.054021,0.349795,
0.600988,0.433270,
0.591550,0.436021,
0.592968,0.431391,
0.583115,0.432640,
0.585422,0.428394,
0.541384,0.402998,
0.544079,0.398935,
0.834233,0.119308,
0.827150,0.122333,
0.833277,0.117058,
0.861954,0.171727,
0.857601,0.176207,
0.857225,0.172428,
0.851241,0.176507,
0.844306,0.114615,
0.838723,0.113606,
0.843358,0.112015,
0.499608,0.370872,
0.499035,0.376481,
0.496868,0.374945,
0.588628,0.422878,
0.548485,0.391955,
0.601525,0.426889,
0.594753,0.425200,
0.861065,0.242767,
0.862417,0.176009,
0.841947,0.241678,
0.843446,0.177339,
0.911041,0.314021,
0.914790,0.306669,
0.916159,0.308825,
0.861139,0.167554,
0.856388,0.168540,
0.856212,0.242723,
0.602198,0.418835,
0.597189,0.417718,
0.592237,0.416026,
0.551934,0.386462,
0.839696,0.116158,
0.505672,0.367734,
0.501714,0.372448,
0.850374,0.170555,
0.843696,0.174254,
0.842944,0.172420,
0.827943,0.125033,
0.849819,0.242265,
0.842232,0.330606,
0.849774,0.331186,
0.855993,0.331381,
0.841140,0.418689,
0.849514,0.418993,
0.860840,0.331401,
0.855777,0.419273,
0.845907,0.491567,
0.858319,0.492205,
0.860620,0.419355,
0.853474,0.560711,
0.853479,0.491970,
0.841696,0.559347,
0.839208,0.491476,
0.826499,0.627868,
0.834238,0.559011,
0.848649,0.560275,
0.834963,0.629931,
0.845641,0.632631,
0.817016,0.691662,
0.840837,0.632008,
0.824062,0.693714,
0.835881,0.696915,
0.808741,0.806755,
0.813741,0.774660,
0.818392,0.775981,
0.798343,0.802667,
0.807569,0.772846,
0.808438,0.736764,
0.831100,0.696099,
0.814305,0.738489,
0.822472,0.740760,
0.923415,0.332550,
0.912683,0.324056,
0.919325,0.320669,
0.929171,0.329665,
0.925247,0.318453,
0.933693,0.327857,
0.929862,0.316879,
0.929131,0.344760,
0.929553,0.362015,
0.922415,0.348841,
0.934924,0.342235,
0.936304,0.360056,
0.947499,0.357018,
0.939333,0.340239,
0.938435,0.376486,
0.944843,0.376091,
0.942930,0.358349,
0.949707,0.375842,
0.926443,0.305745,
0.920564,0.303804,
0.925159,0.302212,
0.791300,0.799728,
0.792565,0.797173,
0.916678,0.336119,
0.827198,0.741820,
0.799719,0.771128,
0.937992,0.395119,
0.930961,0.377623,
0.949288,0.396709,
0.930596,0.424457,
0.930860,0.394578,
0.937529,0.425546,
0.944497,0.396113,
0.942321,0.426479,
0.927685,0.441930,
0.918662,0.461240,
0.920240,0.441373,
0.934725,0.442938,
0.926212,0.461990,
0.938090,0.462950,
0.939544,0.443500,
0.919676,0.553533,
0.933246,0.462825,
0.927384,0.554265,
0.920050,0.614740,
0.933711,0.554694,
0.926800,0.615269,
0.938556,0.554703,
0.933891,0.615715,
0.927565,0.723588,
0.920142,0.723211,
0.919503,0.697712,
0.933217,0.695326,
0.926672,0.695021,
0.938399,0.695671,
0.934085,0.724018,
0.938790,0.636160,
0.933489,0.635785,
0.927073,0.643867,
0.924409,0.636967,
0.919860,0.632235,
0.939339,0.615881,
0.942304,0.757030,
0.938415,0.779253,
0.936360,0.756932,
0.932188,0.778231,
0.929964,0.755948,
0.924843,0.777528,
0.922887,0.754862,
0.939709,0.724183,
0.641062,0.424747,
0.640282,0.436151,
0.600675,0.438031,
0.640084,0.431254,
0.807291,0.810984,
0.804128,0.805258,
0.921907,0.307310,
0.797305,0.805870,
0.637793,0.031875,
0.654366,0.036549,
0.640163,0.043169,
0.694532,0.019898,
0.677437,0.021923,
0.688016,0.010372,
0.657258,0.041144,
0.646681,0.052696,
0.673003,0.018791,
0.678345,0.004070,
0.661691,0.044276,
0.656353,0.058998,
0.667696,0.017612,
0.667005,0.001953,
0.667695,0.061113,
0.672351,0.044544,
0.678988,0.058729,
0.666999,0.045455,
0.662345,0.018522,
0.655711,0.004335,
0.676938,0.041640,
0.688505,0.052199,
0.657757,0.021426,
0.646193,0.010864,
0.680060,0.037194,
0.694792,0.042522,
0.654635,0.025871,
0.639904,0.020541,
0.681227,0.031875,
0.696902,0.031189,
0.653467,0.031191,
0.680329,0.026518,
0.239494,0.116210,
0.231357,0.101116,
0.242047,0.114110,
0.221624,0.130912,
0.213486,0.115818,
0.224177,0.128812,
0.233910,0.099015,
0.244600,0.112010,
0.216039,0.113718,
0.226730,0.126712,
0.236463,0.096915,
0.247153,0.109909,
0.218592,0.111617,
0.229282,0.124611,
0.249706,0.107809,
0.241569,0.092714,
0.252259,0.105709,
0.239016,0.094815,
0.221145,0.109517,
0.231835,0.122511,
0.244122,0.090614,
0.254812,0.103608,
0.223698,0.107417,
0.234388,0.120411,
0.213965,0.137213,
0.205827,0.122119,
0.216518,0.135113,
0.226251,0.105316,
0.236941,0.118310,
0.208380,0.120019,
0.219071,0.133013,
0.228804,0.103216,
0.210933,0.117918,
0.919642,0.199716,
0.936469,0.202540,
0.919642,0.202540,
0.919642,0.179952,
0.936469,0.182775,
0.919642,0.182775,
0.936469,0.205363,
0.919642,0.205363,
0.936469,0.185599,
0.919642,0.185599,
0.936469,0.208186,
0.919642,0.208186,
0.936469,0.188422,
0.919642,0.188422,
0.919642,0.211010,
0.936469,0.213833,
0.919642,0.213833,
0.936469,0.211010,
0.936469,0.191246,
0.919642,0.191246,
0.936469,0.216657,
0.919642,0.216657,
0.936469,0.194069,
0.919642,0.194069,
0.919642,0.171481,
0.936469,0.174305,
0.919642,0.174305,
0.936469,0.196893,
0.919642,0.196893,
0.936469,0.177128,
0.919642,0.177128,
0.936469,0.199716,
0.936469,0.179952,
0.178625,0.116754,
0.194673,0.122545,
0.178120,0.119522,
0.182164,0.097380,
0.198211,0.103170,
0.181658,0.100147,
0.194167,0.125313,
0.177615,0.122290,
0.197706,0.105938,
0.181153,0.102915,
0.193662,0.128081,
0.177109,0.125058,
0.197200,0.108706,
0.180647,0.105683,
0.176604,0.127826,
0.192651,0.133617,
0.176098,0.130594,
0.193156,0.130849,
0.196695,0.111474,
0.180142,0.108451,
0.192145,0.136384,
0.175593,0.133362,
0.196189,0.114242,
0.179636,0.111219,
0.183680,0.089076,
0.199727,0.094867,
0.183175,0.091844,
0.195684,0.117009,
0.179131,0.113987,
0.199222,0.097635,
0.182669,0.094612,
0.195178,0.119777,
0.198716,0.100402,
0.924049,0.101967,
0.941026,0.103653,
0.924238,0.104781,
0.922726,0.082268,
0.939704,0.083955,
0.922915,0.085082,
0.941215,0.106467,
0.924427,0.107595,
0.939893,0.086769,
0.923104,0.087896,
0.941404,0.109281,
0.924616,0.110409,
0.940081,0.089583,
0.923293,0.090710,
0.924805,0.113223,
0.941782,0.114910,
0.924993,0.116037,
0.941593,0.112096,
0.940270,0.092397,
0.923482,0.093524,
0.941971,0.117724,
0.925182,0.118851,
0.940459,0.095211,
0.923671,0.096338,
0.922159,0.073826,
0.939137,0.075512,
0.922348,0.076640,
0.940648,0.098025,
0.923860,0.099152,
0.939326,0.078327,
0.922537,0.079454,
0.940837,0.100839,
0.939515,0.081141,
0.905683,0.902238,
0.932086,0.907370,
0.906888,0.908600,
0.956146,0.909638,
0.952919,0.915041,
0.972376,0.929162,
0.976631,0.925418,
0.989661,0.946263,
0.998047,0.954878,
0.991650,0.955032,
0.996524,0.970352,
0.990516,0.970557,
0.986978,0.980581,
0.984722,0.991736,
0.980503,0.986698,
0.974770,0.995517,
0.972119,0.989239,
0.950332,0.991661,
0.954171,0.985277,
0.935431,0.984246,
0.927781,0.989020,
0.913208,0.979917,
0.905677,0.984394,
0.870845,0.965797,
0.865380,0.969784,
0.866446,0.960716,
0.859047,0.963508,
0.864526,0.954467,
0.868245,0.933387,
0.874531,0.933521,
0.882574,0.914835,
0.887244,0.917646,
0.895028,0.925141,
0.910825,0.916762,
0.884626,0.935755,
0.873714,0.954996,
0.873927,0.956768,
0.874953,0.958384,
0.919181,0.972500,
0.942669,0.975091,
0.960602,0.977373,
0.974091,0.979685,
0.977063,0.978535,
0.979947,0.975401,
0.981901,0.969420,
0.982679,0.956447,
0.980844,0.951693,
0.966414,0.935933,
0.948924,0.922891,
0.930266,0.915886,
0.912283,0.922006,
0.929368,0.921578,
0.946272,0.927752,
0.962743,0.940164,
0.976521,0.954476,
0.977827,0.957206,
0.977185,0.968394,
0.976481,0.972891,
0.974802,0.974497,
0.973396,0.974859,
0.961429,0.972390,
0.943295,0.970048,
0.920199,0.967635,
0.877981,0.954578,
0.877934,0.955059,
0.878428,0.955252,
0.888607,0.938614,
0.898089,0.929143,
0.150308,0.405859,
0.182304,0.409816,
0.179798,0.415604,
0.216400,0.427228,
0.257143,0.435352,
0.255196,0.441854,
0.136673,0.407575,
0.118916,0.418112,
0.133105,0.401565,
0.140046,0.419422,
0.121720,0.424914,
0.141880,0.405828,
0.140854,0.397234,
0.094232,0.448214,
0.318438,0.498010,
0.298368,0.459376,
0.303003,0.454269,
0.294812,0.455274,
0.298518,0.449488,
0.293137,0.446780,
0.290185,0.452643,
0.251692,0.450285,
0.212443,0.436333,
0.218462,0.420811,
0.152149,0.417912,
0.175775,0.424732,
0.149898,0.398862,
0.144887,0.417646,
0.126779,0.431263,
0.097336,0.454489,
0.312182,0.501392,
0.289890,0.465585,
0.288000,0.463384,
0.285148,0.461544,
0.980598,0.232739,
0.973470,0.221703,
0.981980,0.221726,
0.959141,0.229730,
0.964695,0.221507,
0.963850,0.230404,
0.959875,0.221337,
0.964293,0.210066,
0.972821,0.210224,
0.972493,0.231604,
0.980631,0.210962,
0.142290,0.423706,
0.130256,0.435162,
0.151546,0.422564,
0.282619,0.465847,
0.250058,0.454801,
0.304535,0.504813,
0.285622,0.468349,
0.210849,0.441177,
0.174419,0.429339,
0.284462,0.467026,
0.145880,0.422688,
0.100266,0.459374,
0.104401,0.463583,
0.923385,0.821301,
0.930838,0.821961,
0.943228,0.779606,
0.937096,0.823009,
0.924102,0.843466,
0.931508,0.843309,
0.941930,0.823366,
0.937829,0.843296,
0.926551,0.893234,
0.934082,0.893187,
0.942678,0.843351,
0.940394,0.893173,
0.923354,0.424165,
0.320721,0.546835,
0.300062,0.506556,
0.870088,0.866018,
0.866640,0.829895,
0.872133,0.830455,
0.865063,0.865782,
0.859694,0.829427,
0.856742,0.867120,
0.851656,0.829141,
0.328921,0.544640,
0.882852,0.745332,
0.887879,0.745875,
0.866651,0.806568,
0.853339,0.820569,
0.860987,0.816349,
0.887278,0.717946,
0.892464,0.718123,
0.880269,0.717584,
0.875315,0.744470,
0.873135,0.717071,
0.893260,0.675300,
0.898046,0.675660,
0.884969,0.675094,
0.877357,0.675168,
0.903609,0.625336,
0.908738,0.625747,
0.895765,0.624005,
0.888664,0.622317,
0.910022,0.557808,
0.914808,0.557988,
0.899494,0.557405,
0.971010,0.065196,
0.988782,0.041139,
0.974972,0.067322,
0.980495,0.068285,
0.996724,0.052779,
0.988220,0.067198,
0.934308,0.003514,
0.956283,0.072858,
0.927244,0.001993,
0.950143,0.073772,
0.920778,0.001953,
0.945501,0.075216,
0.916287,0.003777,
0.963608,0.074453,
0.959091,0.093902,
0.952951,0.094309,
0.948167,0.094948,
0.966577,0.094035,
0.965628,0.149594,
0.959233,0.149916,
0.954417,0.150416,
0.970465,0.188808,
0.972820,0.149449,
0.977936,0.189373,
0.962782,0.188855,
0.957988,0.189243,
0.959497,0.210272,
0.969756,0.243693,
0.944809,0.305233,
0.961372,0.242049,
0.977460,0.244843,
0.949792,0.309237,
0.937950,0.302341,
0.956276,0.240812,
0.819107,0.188010,
0.824842,0.161541,
0.825528,0.182228,
0.814556,0.190582,
0.819946,0.156241,
0.808916,0.190552,
0.815799,0.152920,
0.864965,0.758054,
0.867766,0.743871,
0.921834,0.693052,
0.924035,0.687676,
0.833710,0.816655,
0.817862,0.804730,
0.841441,0.811983,
0.818964,0.797967,
0.859335,0.762304,
0.834189,0.757285,
0.837678,0.752757,
0.857542,0.755548,
0.607801,0.528263,
0.595252,0.532540,
0.610079,0.514969,
0.579979,0.506081,
0.580042,0.532320,
0.556415,0.513973,
0.568739,0.507691,
0.426700,0.506459,
0.365929,0.508053,
0.404295,0.491453,
0.519273,0.502001,
0.463459,0.494389,
0.539824,0.506030,
0.548175,0.496508,
0.453231,0.478835,
0.436449,0.453242,
0.352250,0.489221,
0.361820,0.491817,
0.348781,0.504666,
0.581578,0.440310,
0.587613,0.459821,
0.567421,0.446106,
0.045746,0.497287,
0.051666,0.456383,
0.060118,0.458077,
0.506047,0.493790,
0.527308,0.494199,
0.588205,0.499280,
0.478709,0.442977,
0.487570,0.425770,
0.490647,0.427823,
0.085686,0.480928,
0.052361,0.499314,
0.607534,0.494434,
0.614390,0.501130,
0.603906,0.493710,
0.600831,0.491653,
0.524689,0.425441,
0.503008,0.415480,
0.542107,0.417963,
0.416919,0.374542,
0.459691,0.400918,
0.420889,0.393187,
0.278215,0.359872,
0.278165,0.376017,
0.276106,0.372943,
0.454753,0.489727,
0.611163,0.493715,
0.614241,0.491661,
0.247766,0.383212,
0.259907,0.379641,
0.260624,0.383273,
0.103828,0.381637,
0.103006,0.385740,
0.101585,0.368809,
0.621784,0.490040,
0.590115,0.484754,
0.598778,0.488576,
0.617025,0.484959,
0.627734,0.481873,
0.123636,0.389874,
0.162334,0.387026,
0.121306,0.393351,
0.616299,0.488587,
0.598059,0.484948,
0.616307,0.481330,
0.598783,0.481321,
0.591685,0.470594,
0.068575,0.456406,
0.075750,0.451627,
0.080549,0.444466,
0.085793,0.403429,
0.082242,0.436014,
0.614253,0.478253,
0.600841,0.478247,
0.608787,0.462106,
0.611177,0.476196,
0.603919,0.476193,
0.466104,0.460717,
0.607548,0.475473,
0.846577,0.722399,
0.862430,0.741684,
0.840316,0.747712,
0.028703,0.451487,
0.044505,0.451584,
0.039725,0.444410,
0.468898,0.417261,
0.035687,0.368961,
0.328314,0.445511,
0.307584,0.446299,
0.304090,0.415764,
0.547540,0.432598,
0.269383,0.389129,
0.292299,0.394530,
0.258156,0.392022,
0.499520,0.429324,
0.117580,0.395082,
0.107233,0.397189,
0.113719,0.395312,
0.004603,0.409814,
0.038055,0.435952,
0.080572,0.427557,
0.039748,0.427500,
0.494285,0.428319,
0.503011,0.422726,
0.075793,0.420382,
0.044548,0.420339,
0.500947,0.425786,
0.497878,0.427772,
0.262695,0.372938,
0.265779,0.370891,
0.306939,0.377248,
0.295469,0.382464,
0.485517,0.422698,
0.068632,0.415583,
0.051722,0.415560,
0.503729,0.419103,
0.484794,0.419076,
0.485512,0.415456,
0.060179,0.413890,
0.466443,0.407073,
0.500956,0.412406,
0.487566,0.412387,
0.483203,0.392978,
0.497886,0.410350,
0.490639,0.410340,
0.494263,0.409625,
0.106137,0.393329,
0.103817,0.389846,
0.109614,0.395660,
0.048898,0.498679,
0.278885,0.379647,
0.278159,0.383277,
0.190422,0.363661,
0.117851,0.375851,
0.265752,0.388404,
0.123648,0.381665,
0.124458,0.385771,
0.269405,0.370172,
0.236264,0.378390,
0.260634,0.376011,
0.380267,0.385092,
0.350524,0.363666,
0.262678,0.386350,
0.273017,0.388407,
0.276099,0.386352,
0.224366,0.378770,
0.202329,0.381010,
0.273031,0.370891,
0.121327,0.378182,
0.106158,0.378160,
0.109641,0.375840,
0.113747,0.375029,
0.342632,0.380561,
0.851597,0.668595,
0.868571,0.672858,
0.848489,0.690508,
0.867166,0.715359,
0.869338,0.628599,
0.893132,0.557047,
0.873185,0.606031,
0.876406,0.556076,
0.886236,0.621497,
0.620517,0.010025,
0.624162,0.027013,
0.604645,0.004168,
0.464839,0.126371,
0.436174,0.094569,
0.484807,0.082939,
0.583695,0.045638,
0.585271,0.004401,
0.561368,0.022503,
0.578848,0.045082,
0.089582,0.106903,
0.087899,0.098448,
0.093079,0.055317,
0.433084,0.029773,
0.406596,0.059462,
0.372266,0.029115,
0.494995,0.156440,
0.464609,0.130971,
0.494824,0.130807,
0.566324,0.053420,
0.545040,0.030097,
0.593939,0.109023,
0.569245,0.090389,
0.586783,0.077107,
0.067485,0.084813,
0.061301,0.035765,
0.130919,0.153094,
0.169656,0.149761,
0.131736,0.157199,
0.004803,0.134187,
0.004532,0.130813,
0.047078,0.115365,
0.241676,0.154850,
0.267152,0.163500,
0.267875,0.167132,
0.494776,0.095156,
0.497898,0.115371,
0.494827,0.117422,
0.428731,0.766086,
0.353892,0.752214,
0.412005,0.739321,
0.628281,0.040589,
0.634840,0.050992,
0.621547,0.051646,
0.548195,0.057662,
0.525039,0.033749,
0.614843,0.048867,
0.611214,0.049588,
0.471221,0.059250,
0.431563,0.735719,
0.250536,0.151373,
0.618472,0.049590,
0.128596,0.164784,
0.198096,0.185777,
0.109515,0.181441,
0.325383,0.756849,
0.345911,0.789767,
0.318469,0.792260,
0.587562,0.049981,
0.608138,0.051643,
0.589082,0.057178,
0.606082,0.054718,
0.623602,0.054722,
0.093092,0.133504,
0.083108,0.091282,
0.075940,0.086493,
0.550717,0.102010,
0.523782,0.058493,
0.292302,0.757342,
0.605359,0.058347,
0.624323,0.058351,
0.606080,0.061975,
0.643864,0.061197,
0.642372,0.063664,
0.642751,0.059361,
0.269933,0.170210,
0.611210,0.067108,
0.620957,0.087151,
0.465926,0.766024,
0.029291,0.087709,
0.047075,0.098455,
0.045395,0.106910,
0.471224,0.062801,
0.531114,0.108308,
0.554551,0.131335,
0.510983,0.124118,
0.608134,0.065052,
0.589432,0.071583,
0.229903,0.155327,
0.621544,0.065055,
0.623600,0.061980,
0.614839,0.067831,
0.618467,0.067110,
0.229115,0.773666,
0.270293,0.758862,
0.275323,0.791418,
0.054063,0.037201,
0.047838,0.040822,
0.208608,0.775399,
0.158273,0.804414,
0.158618,0.774824,
0.225897,0.804405,
0.059030,0.086496,
0.051863,0.091287,
0.130920,0.161303,
0.474329,0.057239,
0.343844,0.098623,
0.320622,0.129158,
0.304983,0.096081,
0.510899,0.105307,
0.501520,0.114651,
0.425718,0.176000,
0.460887,0.133612,
0.312033,0.145635,
0.208580,0.154180,
0.087901,0.115358,
0.505142,0.115372,
0.273011,0.154731,
0.269932,0.156789,
0.260158,0.143774,
0.051868,0.122532,
0.083113,0.122527,
0.508212,0.117425,
0.492774,0.120492,
0.510263,0.120496,
0.110284,0.157202,
0.043138,0.181070,
0.075946,0.127317,
0.492053,0.124114,
0.492773,0.127736,
0.510262,0.127739,
0.067492,0.129000,
0.004230,0.132464,
0.508209,0.130809,
0.267874,0.159868,
0.497894,0.132859,
0.128593,0.149614,
0.125113,0.147290,
0.114531,0.139688,
0.280274,0.154730,
0.501516,0.133580,
0.276644,0.172989,
0.280275,0.172266,
0.285792,0.190074,
0.111099,0.153097,
0.505139,0.132860,
0.037869,0.177912,
0.121008,0.146474,
0.116904,0.147291,
0.113424,0.149617,
0.322064,0.154875,
0.358272,0.186819,
0.276642,0.154009,
0.426145,0.141071,
0.385185,0.148351,
0.059037,0.127320,
0.346987,0.152873,
0.314067,0.152162,
0.283353,0.156788,
0.111101,0.161307,
0.285410,0.159866,
0.113427,0.164786,
0.116907,0.167111,
0.273012,0.172267,
0.125116,0.167109,
0.285411,0.167130,
0.121012,0.167927,
0.286133,0.163498,
0.283354,0.170209,
0.040188,0.180119,
0.850939,0.173526,
0.503539,0.365709,
0.926934,0.656764,
0.642890,0.417695,
0.909606,0.315683,
0.802664,0.809424,
0.203274,0.124219,
0.936469,0.171481,
0.200233,0.092099,
0.938948,0.072698,
0.932539,0.900495,
0.995060,0.943804,
0.992196,0.985314,
0.857568,0.953879,
0.945162,0.893159,
0.315999,0.548661,
0.849955,0.870098,
0.336302,0.543738,
0.870945,0.773430,
0.897037,0.557108,
0.984767,0.038985,
0.997284,0.048768,
0.954425,0.313336,
0.809600,0.154243,
0.868967,0.763649,
0.818768,0.811372,
0.846127,0.802420,
0.857686,0.771414,
0.823401,0.786075,
0.964137,0.467510,
0.956250,0.495604,
0.952280,0.495538,
0.968016,0.450655,
0.971650,0.458944,
0.967864,0.458882,
0.954694,0.578348,
0.950908,0.578285,
0.953913,0.625491,
0.953169,0.670407,
0.950127,0.625428,
0.951766,0.755028,
0.949383,0.670344,
0.951610,0.764437,
0.947980,0.754965,
0.951110,0.794606,
0.947439,0.787596,
0.951225,0.787659,
0.993709,0.685371,
0.997751,0.695085,
0.993965,0.695184,
0.951360,0.779560,
0.947573,0.779497,
0.951489,0.771723,
0.947824,0.764374,
0.995275,0.600178,
0.997495,0.685272,
0.991490,0.600277,
0.993447,0.530106,
0.989662,0.530205,
0.991891,0.470444,
0.988105,0.470542,
0.990719,0.425540,
0.974269,0.397092,
0.974801,0.389574,
0.978152,0.396991,
0.970845,0.383122,
0.973954,0.357114,
0.974630,0.383023,
0.970169,0.357213,
0.973660,0.345829,
0.969264,0.322501,
0.972725,0.309969,
0.973049,0.322402,
0.968595,0.296888,
0.972381,0.296789,
0.972080,0.285274,
0.972529,0.405899,
0.968578,0.417111,
0.968743,0.405836,
0.972364,0.417173,
0.968451,0.427218,
0.969543,0.333225,
0.973329,0.333127,
0.453929,0.901480,
0.470874,0.896556,
0.458756,0.911140,
0.451189,0.012158,
0.458455,0.007587,
0.458851,0.011353,
0.404821,0.013221,
0.397554,0.017792,
0.397159,0.014026,
0.466117,0.006782,
0.466520,0.010615,
0.412878,0.016182,
0.405221,0.017033,
0.474175,0.009743,
0.473779,0.005978,
0.420540,0.015378,
0.412483,0.012417,
0.420145,0.011612,
0.481627,0.006938,
0.482031,0.010792,
0.427807,0.010807,
0.428202,0.014573,
0.497365,0.009274,
0.489358,0.006793,
0.496960,0.005419,
0.435469,0.010002,
0.504838,0.006668,
0.504442,0.002902,
0.443526,0.012963,
0.435868,0.013798,
0.512492,0.005786,
0.443131,0.009197,
0.450793,0.008392,
0.389497,0.014831,
0.873309,0.065228,
0.857539,0.097029,
0.852530,0.066347,
0.544455,0.882981,
0.514156,0.887895,
0.512301,0.879258,
0.890601,0.065256,
0.886254,0.097411,
0.881955,0.067078,
0.874127,0.097422,
0.915840,0.067012,
0.895328,0.097414,
0.544453,0.901404,
0.514077,0.921773,
0.512337,0.896533,
0.544449,0.892191,
0.544061,0.863474,
0.986750,0.425643,
0.507156,0.871881,
0.513399,0.858480,
0.865912,0.060056,
0.851394,0.058285,
0.968024,0.467575,
0.897978,0.060082,
0.916125,0.057572,
0.507195,0.903893,
0.504682,0.922058,
0.968178,0.441953,
0.971802,0.450718,
0.500026,0.908591,
0.496455,0.922316,
0.971964,0.442016,
0.491495,0.910295,
0.487767,0.922593,
0.482961,0.908607,
0.475721,0.903784,
0.473720,0.923057,
0.465767,0.918897,
0.451628,0.889371,
0.469155,0.888023,
0.453808,0.877922,
0.470829,0.879476,
0.457809,0.868652,
0.475642,0.872211,
0.465180,0.859348,
0.482869,0.867331,
0.971016,0.389673,
0.505379,0.857345,
0.499965,0.867215,
0.498877,0.856680,
0.491411,0.865574,
0.473841,0.854361,
0.895523,0.006821,
0.890609,0.023768,
0.882075,0.022054,
0.902652,0.052920,
0.916378,0.049343,
0.904354,0.044388,
0.902663,0.035854,
0.916651,0.040653,
0.917109,0.026604,
0.897838,0.028614,
0.912945,0.018652,
0.905185,0.011643,
0.883412,0.004527,
0.873529,0.023732,
0.871966,0.006713,
0.866266,0.028548,
0.862701,0.010719,
0.861388,0.035778,
0.853402,0.018090,
0.859631,0.044319,
0.861270,0.052872,
0.850734,0.051782,
0.848416,0.026749,
0.866619,0.141072,
0.872243,0.271036,
0.897411,0.355463,
0.869836,0.355637,
0.894204,0.363433,
0.873152,0.363691,
0.889992,0.367894,
0.883899,0.369737,
0.877476,0.367619,
0.912602,0.180051,
0.871476,0.200805,
0.914946,0.097364,
0.910806,0.227098,
0.907093,0.271769,
0.588111,0.872556,
0.647843,0.877416,
0.627087,0.918541,
0.810729,0.879101,
0.810470,0.900153,
0.802675,0.875785,
0.544400,0.920883,
0.802500,0.903359,
0.816775,0.889848,
0.814932,0.895941,
0.814657,0.883425,
0.718074,0.878186,
0.674134,0.916747,
0.718805,0.913036,
0.947324,0.794543,
0.947703,0.771660,
0.969875,0.345928,
0.968939,0.310068,
0.968295,0.285372,
0.972237,0.427280,
0.489763,0.010652,
0.512089,0.001953,
0.389899,0.018664,
0.738901,0.928967,
0.750140,0.941652,
0.738901,0.941652,
0.750140,0.928967,
0.759840,0.941652,
0.772325,0.928967,
0.772325,0.941652,
0.778800,0.941652,
0.685532,0.723674,
0.689253,0.730349,
0.683854,0.729252,
0.430404,0.843428,
0.390743,0.850050,
0.390718,0.843427,
0.440023,0.849802,
0.430618,0.849924,
0.802045,0.940361,
0.811990,0.941652,
0.802045,0.941652,
0.797617,0.941652,
0.785203,0.928967,
0.797617,0.928967,
0.673118,0.723664,
0.673133,0.729243,
0.785203,0.941652,
0.697180,0.728618,
0.694109,0.733471,
0.705893,0.737560,
0.702890,0.743382,
0.714397,0.742225,
0.712608,0.748217,
0.725302,0.744944,
0.724945,0.750886,
0.781666,0.749019,
0.676788,0.928967,
0.787308,0.840926,
0.781594,0.836461,
0.778123,0.844270,
0.774787,0.845735,
0.776294,0.855741,
0.771451,0.847199,
0.743223,0.855750,
0.743224,0.847208,
0.451509,0.846589,
0.450202,0.851832,
0.430657,0.852974,
0.436573,0.877563,
0.430532,0.877694,
0.390806,0.877677,
0.390732,0.853105,
0.427404,0.909849,
0.432123,0.909880,
0.439617,0.877797,
0.264879,0.908313,
0.264833,0.875751,
0.264740,0.851150,
0.264775,0.848092,
0.264770,0.841210,
0.191188,0.910143,
0.128196,0.879053,
0.191241,0.877568,
0.185452,0.850491,
0.126513,0.854314,
0.184799,0.840422,
0.126090,0.851275,
0.125106,0.843350,
0.185365,0.847432,
0.084288,0.860236,
0.081191,0.852349,
0.052662,0.871173,
0.046880,0.864175,
0.019559,0.879748,
0.011491,0.895213,
0.001953,0.890226,
0.060761,0.900025,
0.029151,0.888105,
0.066356,0.883159,
0.053930,0.873963,
0.085112,0.863189,
0.027597,0.885461,
0.127125,0.912715,
0.419455,0.791413,
0.370822,0.796810,
0.355104,0.793872,
0.618798,0.796297,
0.493052,0.789718,
0.618986,0.791468,
0.655344,0.796574,
0.655761,0.791466,
0.662765,0.796630,
0.439984,0.913012,
0.446243,0.878557,
0.666095,0.846352,
0.651325,0.845845,
0.616885,0.845470,
0.650753,0.853156,
0.616635,0.852204,
0.658832,0.846102,
0.658279,0.853366,
0.468108,0.841619,
0.419633,0.796512,
0.490357,0.795327,
0.663178,0.791426,
0.668182,0.796670,
0.465197,0.848160,
0.913307,0.773707,
0.881858,0.840728,
0.915976,0.724497,
0.859927,0.920737,
0.902463,0.840620,
0.852535,0.952761,
0.578810,0.928967,
0.568469,0.941652,
0.568469,0.928967,
0.440691,0.928859,
0.433162,0.941652,
0.433162,0.928849,
0.214882,0.932322,
0.247538,0.941653,
0.214882,0.941653,
0.525669,0.928967,
0.448220,0.941652,
0.448220,0.928868,
0.131950,0.934487,
0.131950,0.941653,
0.399030,0.941652,
0.399030,0.928806,
0.247538,0.928613,
0.001953,0.941653,
0.010820,0.935551,
0.010820,0.941653,
0.558740,0.928967,
0.525669,0.941652,
0.578810,0.941652,
0.563605,0.941652,
0.563605,0.928967,
0.665805,0.853577,
0.683621,0.731357,
0.682819,0.752149,
0.678215,0.781813,
0.672691,0.756573,
0.680781,0.786508,
0.668404,0.791397,
0.723880,0.797684,
0.762409,0.841834,
0.738901,0.954338,
0.750140,0.954338,
0.759840,0.954338,
0.772325,0.954338,
0.769194,0.161388,
0.776087,0.164380,
0.770697,0.166633,
0.779172,0.197260,
0.771925,0.236599,
0.772688,0.196860,
0.773171,0.187525,
0.440691,0.941652,
0.802045,0.942944,
0.797617,0.954338,
0.785203,0.954338,
0.777184,0.176458,
0.771739,0.177271,
0.770300,0.153390,
0.774255,0.158359,
0.765740,0.156878,
0.760969,0.145562,
0.755414,0.149004,
0.755934,0.137524,
0.750086,0.139707,
0.752774,0.126912,
0.746331,0.070878,
0.746865,0.127573,
0.676789,0.954338,
0.654650,0.069078,
0.752134,0.064911,
0.651689,0.078363,
0.659334,0.074602,
0.650365,0.081746,
0.640309,0.080625,
0.642534,0.076309,
0.649040,0.085127,
0.641657,0.113537,
0.779428,0.187790,
0.769633,0.196737,
0.745047,0.190072,
0.769899,0.190538,
0.744305,0.236166,
0.768870,0.236571,
0.712282,0.199047,
0.744796,0.196187,
0.712275,0.194277,
0.744877,0.186982,
0.713052,0.362113,
0.712167,0.236006,
0.745576,0.362349,
0.778548,0.236708,
0.773224,0.362592,
0.741496,0.498970,
0.710792,0.435812,
0.743354,0.435945,
0.770394,0.441897,
0.780459,0.442612,
0.769260,0.501248,
0.773452,0.442003,
0.780105,0.362645,
0.770166,0.362606,
0.777178,0.502279,
0.760044,0.542993,
0.767912,0.546139,
0.748913,0.574552,
0.740134,0.607602,
0.724619,0.615574,
0.734471,0.599528,
0.731836,0.597959,
0.720111,0.566275,
0.737011,0.560784,
0.746130,0.573267,
0.757096,0.542151,
0.755876,0.580377,
0.707832,0.499831,
0.701940,0.484246,
0.707736,0.435696,
0.704760,0.500042,
0.709997,0.362079,
0.704288,0.236200,
0.709112,0.236020,
0.704038,0.199528,
0.709194,0.199061,
0.703898,0.192086,
0.709165,0.191573,
0.709111,0.186306,
0.653938,0.189726,
0.646718,0.190200,
0.654672,0.204260,
0.655137,0.238294,
0.647364,0.204902,
0.654317,0.196871,
0.647062,0.197543,
0.657932,0.386679,
0.702640,0.435482,
0.703755,0.186656,
0.704377,0.364739,
0.648402,0.238534,
0.651370,0.389541,
0.295179,0.031276,
0.228158,0.062725,
0.178948,0.065394,
0.295070,0.051881,
0.375188,0.009345,
0.407212,0.001953,
0.578810,0.954338,
0.568469,0.954338,
0.440691,0.954446,
0.433162,0.954456,
0.214882,0.950983,
0.247538,0.954692,
0.525669,0.954338,
0.448220,0.954437,
0.131950,0.948818,
0.399030,0.954499,
0.010820,0.947754,
0.558740,0.954338,
0.563605,0.954338,
0.747149,0.172007,
0.744269,0.180272,
0.720261,0.173882,
0.715489,0.170939,
0.700430,0.130843,
0.650191,0.113247,
0.654767,0.093938,
0.064294,0.571231,
0.068402,0.570100,
0.610597,0.537944,
0.624340,0.542643,
0.630350,0.570269,
0.558555,0.656166,
0.499399,0.681187,
0.432861,0.699674,
0.205783,0.710166,
0.116998,0.704045,
0.053167,0.704628,
0.301364,0.305856,
0.154177,0.250603,
0.159204,0.254248,
0.312817,0.687991,
0.322792,0.692516,
0.395390,0.684766,
0.474130,0.669102,
0.310146,0.677794,
0.372373,0.581758,
0.340624,0.636649,
0.419666,0.580761,
0.481956,0.655425,
0.450287,0.620266,
0.479931,0.663820,
0.052889,0.352794,
0.045682,0.348603,
0.026024,0.301979,
0.041414,0.618441,
0.060740,0.573184,
0.002427,0.257866,
0.035809,0.208513,
0.038623,0.205834,
0.109048,0.204240,
0.042378,0.204622,
0.002821,0.252677,
0.001953,0.255283,
0.197580,0.199891,
0.285381,0.195576,
0.358092,0.198839,
0.293693,0.713663,
0.366223,0.709896,
0.425790,0.209696,
0.495321,0.229334,
0.555118,0.254555,
0.644090,0.329885,
0.629876,0.348234,
0.625868,0.361436,
0.604585,0.385936,
0.626949,0.556569,
0.621982,0.379522,
0.622056,0.299130,
0.625775,0.611690,
0.598306,0.633683,
0.643725,0.322906,
0.594771,0.277030,
0.584075,0.385685,
0.568569,0.558331,
0.594933,0.538083,
0.557068,0.365945,
0.520724,0.356586,
0.530907,0.568107,
0.464537,0.359019,
0.413230,0.563209,
0.300271,0.580867,
0.353369,0.568246,
0.403632,0.360890,
0.474110,0.564838,
0.371650,0.360924,
0.281542,0.583711,
0.343615,0.355767,
0.272149,0.340702,
0.381260,0.562862,
0.290718,0.343865,
0.242083,0.339314,
0.213970,0.340228,
0.208276,0.336991,
0.195946,0.611799,
0.183408,0.311463,
0.154839,0.620395,
0.170115,0.620256,
0.173206,0.306526,
0.160413,0.303623,
0.139086,0.616753,
0.132752,0.306725,
0.123641,0.609874,
0.118933,0.313231,
0.093017,0.330367,
0.097468,0.592557,
0.061339,0.354469,
0.192123,0.318603,
0.226932,0.583092,
0.252992,0.583388,
0.210872,0.339563,
0.185481,0.616855,
0.147221,0.303568,
0.205249,0.603945,
0.636164,0.338267,
0.646020,0.326704,
0.094054,0.643350,
0.095564,0.635758,
0.083317,0.654088,
0.089753,0.649787,
0.068132,0.654088,
0.075724,0.655598,
0.057394,0.643351,
0.061695,0.649787,
0.055884,0.635758,
0.061694,0.621729,
0.057394,0.628166,
0.075723,0.615918,
0.068131,0.617428,
0.089752,0.621729,
0.083316,0.617428,
0.094053,0.628165,
0.085424,0.273398,
0.081123,0.266961,
0.074687,0.262661,
0.067094,0.261150,
0.059502,0.262661,
0.053065,0.266961,
0.048764,0.273398,
0.047254,0.280990,
0.048764,0.288583,
0.053065,0.295019,
0.059502,0.299320,
0.067094,0.300830,
0.074687,0.299320,
0.081123,0.295019,
0.085424,0.288583,
0.086934,0.280990,
0.137066,0.689301,
0.137711,0.686059,
0.132481,0.693887,
0.135230,0.692050,
0.125996,0.693887,
0.129239,0.694532,
0.121411,0.689302,
0.123247,0.692051,
0.120766,0.686059,
0.121410,0.682817,
0.125996,0.678232,
0.123247,0.680068,
0.129238,0.677587,
0.135229,0.680068,
0.132481,0.678231,
0.137066,0.682817,
0.128436,0.227446,
0.126599,0.224697,
0.123850,0.222860,
0.120608,0.222215,
0.117365,0.222860,
0.114617,0.224697,
0.112780,0.227446,
0.112135,0.230688,
0.112780,0.233930,
0.114617,0.236679,
0.117365,0.238516,
0.120608,0.239161,
0.123850,0.238516,
0.126599,0.236679,
0.128436,0.233930,
0.129080,0.230688,
0.295709,0.696881,
0.296602,0.692391,
0.289360,0.703231,
0.293166,0.700687,
0.280380,0.703231,
0.284870,0.704124,
0.274030,0.696882,
0.276574,0.700688,
0.273137,0.692392,
0.274030,0.687902,
0.280380,0.681553,
0.276573,0.684096,
0.284869,0.680659,
0.289359,0.681552,
0.295709,0.687902,
0.293165,0.684096,
0.287078,0.219862,
0.284535,0.216056,
0.280729,0.213513,
0.276239,0.212620,
0.271749,0.213513,
0.267943,0.216056,
0.265400,0.219862,
0.264507,0.224352,
0.265400,0.228842,
0.267943,0.232648,
0.271749,0.235191,
0.276239,0.236084,
0.280729,0.235191,
0.284535,0.232648,
0.287078,0.228842,
0.287971,0.224352,
0.521499,0.652991,
0.518054,0.661307,
0.520604,0.657491,
0.514239,0.663856,
0.505238,0.663855,
0.509739,0.664751,
0.498874,0.657491,
0.501423,0.661306,
0.497979,0.652990,
0.498874,0.648490,
0.501424,0.644675,
0.505239,0.642126,
0.514240,0.642126,
0.509739,0.641231,
0.518055,0.644675,
0.520604,0.648491,
0.512866,0.263754,
0.511971,0.259254,
0.509422,0.255439,
0.505606,0.252889,
0.501106,0.251994,
0.496606,0.252889,
0.492790,0.255439,
0.490241,0.259254,
0.489346,0.263754,
0.490241,0.268254,
0.492790,0.272070,
0.496606,0.274619,
0.501106,0.275514,
0.505606,0.274619,
0.509422,0.272070,
0.511971,0.268254,
0.633912,0.591722,
0.634807,0.587221,
0.631362,0.595537,
0.627547,0.598086,
0.618547,0.598086,
0.623047,0.598981,
0.612182,0.591721,
0.614731,0.595536,
0.611287,0.587221,
0.614732,0.578905,
0.612183,0.582720,
0.623047,0.575461,
0.618547,0.576356,
0.627548,0.576356,
0.633912,0.582721,
0.631363,0.578906,
0.626172,0.329527,
0.625277,0.325026,
0.622728,0.321211,
0.618913,0.318662,
0.614412,0.317767,
0.609912,0.318662,
0.606097,0.321211,
0.603548,0.325026,
0.602653,0.329527,
0.603548,0.334027,
0.606097,0.337842,
0.609912,0.340391,
0.614412,0.341287,
0.618913,0.340391,
0.622728,0.337842,
0.625277,0.334027,
0.495773,0.627473,
0.540003,0.644422,
0.562049,0.637533,
0.601286,0.610899,
0.472300,0.583757,
0.471054,0.592665,
0.479514,0.579900,
0.542967,0.579137,
0.521568,0.580514,
0.584672,0.566733,
0.564366,0.577760,
0.601643,0.574013,
0.594570,0.568157,
0.604927,0.601274,
0.511267,0.284679,
0.495840,0.294386,
0.530513,0.281826,
0.584598,0.312215,
0.567568,0.299312,
0.486161,0.306242,
0.473004,0.327406,
0.474527,0.328392,
0.523364,0.327166,
0.548058,0.328013,
0.566787,0.332399,
0.582174,0.340146,
0.585090,0.336872,
0.586784,0.316779,
0.586306,0.330465,
0.473006,0.325733,
0.483413,0.610069,
0.578968,0.340513,
0.549359,0.287885,
0.581668,0.624216,
0.603285,0.587644,
0.405610,0.325889,
0.434088,0.291825,
0.462177,0.260684,
0.462046,0.258070,
0.459569,0.256314,
0.425316,0.248952,
0.384458,0.241696,
0.346365,0.237188,
0.311837,0.236079,
0.311632,0.238579,
0.340401,0.276958,
0.369023,0.325629,
0.387194,0.326687,
0.395931,0.580392,
0.357866,0.689272,
0.314767,0.234754,
0.435930,0.676701,
0.152853,0.245323,
0.184054,0.264313,
0.172842,0.258752,
0.194715,0.271143,
0.205259,0.281992,
0.212728,0.299131,
0.214591,0.301512,
0.217518,0.302344,
0.237274,0.300578,
0.260928,0.300195,
0.304371,0.304661,
0.282432,0.302394,
0.304327,0.301330,
0.248976,0.237543,
0.241270,0.234579,
0.232892,0.234281,
0.159958,0.239464,
0.155303,0.241138,
0.197889,0.236360,
0.321520,0.605597,
0.310353,0.601552,
0.217205,0.607193,
0.213052,0.614120,
0.161856,0.656088,
0.150687,0.673367,
0.160261,0.685229,
0.262052,0.687776,
0.323967,0.616516,
0.168655,0.686762,
0.155877,0.659768,
0.173409,0.651380,
0.195728,0.639166,
0.186231,0.645983,
0.204678,0.631206,
0.245699,0.606675,
0.225070,0.605778,
0.288332,0.604920,
0.266343,0.607262,
0.243381,0.691465,
0.206070,0.689117,
0.251802,0.691995,
0.048243,0.500806,
0.595603,0.534756,
0.616406,0.502092,
0.612233,0.515487,
0.543087,0.415977,
0.417395,0.372381,
0.483934,0.390887,
0.190311,0.361454,
0.278226,0.357660,
0.037393,0.366747,
0.101519,0.366599,
0.297340,0.384041,
0.379919,0.387277,
0.342398,0.382759,
0.458656,0.402965,
0.420457,0.395354,
0.294662,0.394233,
0.305941,0.414545,
0.466475,0.416647,
0.464453,0.408251,
0.053271,0.035105,
0.061721,0.033429,
0.044000,0.498932,
0.027295,0.086747,
0.046065,0.039297,
0.026696,0.452432,
0.036214,0.179389,
0.109454,0.183650,
0.042785,0.183279,
0.039029,0.182068,
0.002821,0.135230,
0.001953,0.132624,
0.002427,0.130041,
0.197988,0.187985,
0.285788,0.192286,
0.350761,0.361465,
0.358498,0.189021,
0.426195,0.178162,
0.555528,0.133322,
0.495728,0.158530,
0.644519,0.058014,
0.646448,0.061195,
0.630310,0.039662,
0.605027,0.001953,
0.622423,0.008372,
0.628896,0.484030,
0.623597,0.491305,
0.636594,0.049630,
0.609758,0.529931,
0.626304,0.026459,
0.622478,0.088764,
0.595187,0.110856,
0.610281,0.460470,
0.629210,0.479512,
0.582821,0.438474,
0.579270,0.534520,
0.555247,0.515864,
0.560222,0.020599,
0.584517,0.002200,
0.539123,0.508146,
0.544365,0.027973,
0.426782,0.508668,
0.365744,0.510269,
0.524886,0.031530,
0.519111,0.504222,
0.433144,0.027563,
0.838234,0.746925,
0.844382,0.722064,
0.411566,0.737155,
0.431372,0.733507,
0.325188,0.754641,
0.353476,0.750042,
0.846288,0.690286,
0.052738,0.501631,
0.095289,0.054082,
0.292210,0.755132,
0.849451,0.667980,
0.644152,0.064993,
0.078489,0.428416,
0.074197,0.421974,
0.067766,0.417664,
0.060176,0.416143,
0.052581,0.417643,
0.046139,0.421935,
0.041829,0.428365,
0.040309,0.435955,
0.041808,0.443550,
0.046100,0.449993,
0.052531,0.454302,
0.060121,0.455823,
0.067716,0.454323,
0.074158,0.450031,
0.078468,0.443601,
0.079989,0.436011,
0.085819,0.114496,
0.087328,0.106903,
0.075084,0.125235,
0.081519,0.120933,
0.059899,0.125238,
0.067491,0.126747,
0.049160,0.114502,
0.053461,0.120938,
0.047648,0.106910,
0.053457,0.092880,
0.049157,0.099317,
0.067485,0.087067,
0.059893,0.088578,
0.081515,0.092875,
0.075078,0.088576,
0.085817,0.099311,
0.121564,0.382524,
0.119732,0.379773,
0.116985,0.377932,
0.113744,0.377283,
0.110501,0.377923,
0.107749,0.379756,
0.105909,0.382502,
0.105259,0.385744,
0.105900,0.388987,
0.107733,0.391738,
0.110479,0.393579,
0.113720,0.394228,
0.116964,0.393588,
0.119715,0.391755,
0.121555,0.389009,
0.122205,0.385767,
0.128838,0.160441,
0.129483,0.157199,
0.124254,0.165028,
0.127002,0.163190,
0.117769,0.165029,
0.121011,0.165673,
0.113183,0.160444,
0.115020,0.163192,
0.112537,0.157202,
0.113182,0.153959,
0.117766,0.149373,
0.115018,0.151210,
0.121009,0.148728,
0.127000,0.151208,
0.124251,0.149372,
0.128837,0.153957,
0.276082,0.376880,
0.274513,0.374537,
0.272169,0.372973,
0.269403,0.372425,
0.266637,0.372974,
0.264288,0.374535,
0.262715,0.376877,
0.262160,0.379644,
0.262707,0.382412,
0.264273,0.384757,
0.266617,0.386323,
0.269386,0.386874,
0.272156,0.386324,
0.274506,0.384758,
0.276078,0.382413,
0.276631,0.379647,
0.283329,0.166268,
0.283879,0.163498,
0.279413,0.170184,
0.281760,0.168615,
0.273874,0.170185,
0.276643,0.170735,
0.269957,0.166269,
0.271526,0.168616,
0.269957,0.160730,
0.269406,0.163500,
0.273873,0.156813,
0.271526,0.158382,
0.279411,0.156813,
0.276642,0.156262,
0.281759,0.158381,
0.283328,0.160729,
0.500926,0.416339,
0.499362,0.413997,
0.497023,0.412431,
0.494262,0.411878,
0.491500,0.412423,
0.489159,0.413981,
0.487594,0.416315,
0.487047,0.419073,
0.487595,0.421831,
0.489153,0.424161,
0.491477,0.425696,
0.494272,0.426136,
0.497047,0.425662,
0.499369,0.424167,
0.500934,0.421851,
0.501478,0.419099,
0.508180,0.126877,
0.508729,0.124117,
0.504277,0.130778,
0.506616,0.129216,
0.498757,0.130777,
0.501517,0.131327,
0.494855,0.126874,
0.496418,0.129213,
0.494307,0.124114,
0.494856,0.121355,
0.496420,0.119016,
0.498760,0.117453,
0.504279,0.117454,
0.501520,0.116905,
0.508181,0.121357,
0.506618,0.119018,
0.614772,0.484957,
0.614224,0.482191,
0.612659,0.479846,
0.610314,0.478278,
0.607547,0.477726,
0.604780,0.478275,
0.602434,0.479841,
0.600865,0.482185,
0.600312,0.484950,
0.600861,0.487715,
0.602426,0.490061,
0.604770,0.491629,
0.607536,0.492180,
0.610302,0.491632,
0.612649,0.490066,
0.614218,0.487722,
0.622069,0.058351,
0.619951,0.063461,
0.621518,0.061117,
0.617606,0.065028,
0.612073,0.065027,
0.614839,0.065577,
0.609728,0.063459,
0.607612,0.058347,
0.608162,0.061114,
0.609731,0.053237,
0.608163,0.055581,
0.612076,0.051670,
0.614843,0.051121,
0.619954,0.053239,
0.617609,0.051671,
0.621520,0.055584,
0.500336,0.431433,
0.480270,0.444597,
0.524520,0.427704,
0.585792,0.461256,
0.566179,0.447934,
0.467905,0.461997,
0.456786,0.488309,
0.463999,0.492171,
0.506052,0.491579,
0.527450,0.491991,
0.569150,0.505399,
0.579050,0.503981,
0.586127,0.498130,
0.587921,0.484488,
0.511684,0.103189,
0.530929,0.106046,
0.549777,0.099991,
0.585022,0.075669,
0.496260,0.093478,
0.473433,0.060452,
0.473434,0.062124,
0.474956,0.059465,
0.523792,0.060705,
0.548487,0.059863,
0.582606,0.047738,
0.579399,0.047370,
0.587209,0.071106,
0.585521,0.051012,
0.486583,0.081620,
0.455542,0.479399,
0.567217,0.055481,
0.586877,0.057436,
0.567988,0.088568,
0.546568,0.434609,
0.589429,0.470879,
0.548849,0.494358,
0.307320,0.379504,
0.330643,0.445064,
0.825250,0.185523,
0.820399,0.189823,
0.815141,0.192793,
0.241215,0.152656,
0.249423,0.149435,
0.235853,0.380615,
0.224512,0.380977,
0.322507,0.130323,
0.322342,0.152635,
0.346769,0.150673,
0.384862,0.146163,
0.425720,0.138902,
0.315843,0.150430,
0.314414,0.145848,
0.462586,0.127172,
0.434507,0.096021,
0.462455,0.129790,
0.459978,0.131546,
0.808967,0.192835,
0.867205,0.627955,
0.228640,0.771488,
0.269834,0.756678,
0.870986,0.605774,
0.969973,0.067147,
0.980458,0.070522,
0.974241,0.069438,
0.987815,0.069487,
0.874058,0.555982,
0.208528,0.773187,
0.405569,0.061672,
0.403259,0.489251,
0.434782,0.451790,
0.464901,0.768236,
0.429042,0.768296,
0.346318,0.791950,
0.859861,0.755696,
0.318547,0.794473,
0.869370,0.715591,
0.864576,0.742246,
0.275587,0.793634,
0.870770,0.673263,
0.226182,0.806615,
0.997743,0.046275,
0.985817,0.037040,
0.990117,0.039347,
0.158261,0.806605,
0.088001,0.405089,
0.087894,0.482234,
0.095302,0.131841,
0.115037,0.137534,
0.169980,0.147573,
0.202604,0.383203,
0.162699,0.389207,
0.208764,0.151976,
0.229918,0.153114,
0.809831,0.150121,
0.816767,0.150859,
0.825072,0.158317,
0.821446,0.154606,
0.304803,0.447685,
0.256595,0.393599,
0.258645,0.142153,
0.246597,0.385118,
0.302134,0.094802,
0.835495,0.818162,
0.848166,0.803286,
0.348739,0.506935,
0.861604,0.762237,
0.816507,0.811160,
0.815626,0.804683,
0.843164,0.813519,
0.835806,0.751565,
0.353412,0.487200,
0.362108,0.489604,
0.859823,0.772014,
0.816816,0.797402,
0.821330,0.785302,
0.832235,0.756196,
0.888473,0.622102,
0.107743,0.399342,
0.940408,0.896813,
0.934100,0.896827,
0.926675,0.896872,
0.893291,0.553409,
0.897333,0.553471,
0.899848,0.553778,
0.910162,0.554172,
0.915041,0.554356,
0.154980,0.774782,
0.158643,0.772612,
0.155004,0.772572,
0.874262,0.552350,
0.876584,0.552441,
0.154622,0.806592,
0.154635,0.804382,
0.092442,0.449650,
0.095304,0.455622,
0.102765,0.465261,
0.098429,0.460819,
0.943628,0.307255,
0.937015,0.304816,
0.948307,0.311017,
0.308216,0.448593,
0.307471,0.093995,
0.344344,0.096337,
0.331354,0.446698,
0.328898,0.447804,
0.346481,0.097153,
0.345371,0.099208,
0.305339,0.450007,
0.791166,0.587625,
0.793440,0.583905,
0.775248,0.613668,
0.777522,0.609947,
0.754782,0.647151,
0.757056,0.643430,
0.795714,0.580185,
0.779796,0.606227,
0.759330,0.639710,
0.761604,0.635990,
0.763878,0.632269,
0.741138,0.669472,
0.743412,0.665752,
0.782070,0.602507,
0.766152,0.628549,
0.745686,0.662032,
0.784344,0.598786,
0.768426,0.624829,
0.747960,0.658312,
0.786618,0.595066,
0.770700,0.621108,
0.750234,0.654591,
0.788892,0.591346,
0.772974,0.617388,
0.752508,0.650871,
0.315723,0.412931,
0.311926,0.410787,
0.342301,0.427937,
0.338504,0.425793,
0.376473,0.447231,
0.372676,0.445087,
0.308129,0.408644,
0.334707,0.423650,
0.368879,0.442943,
0.365082,0.440800,
0.361285,0.438656,
0.399254,0.460093,
0.395457,0.457950,
0.330910,0.421506,
0.357488,0.436512,
0.391660,0.455806,
0.327113,0.419362,
0.353691,0.434368,
0.387863,0.453662,
0.323317,0.417219,
0.349895,0.432225,
0.384066,0.451518,
0.319520,0.415075,
0.346098,0.430081,
0.380269,0.449375,
0.436887,0.852932,
0.390769,0.909844,
0.427389,0.912908,
0.390748,0.912903,
0.434775,0.912962,
0.264899,0.911372,
0.191287,0.913200,
0.126895,0.915785,
0.020213,0.893517,
0.060230,0.903038,
0.766223,0.500805,
0.726370,0.606863,
0.717095,0.566788,
0.917474,0.097433,
0.915129,0.180136,
0.918653,0.057643,
0.544469,0.923411,
0.504754,0.924586,
0.496530,0.924844,
0.514147,0.924301,
0.913331,0.227251,
0.627172,0.921068,
0.909609,0.272019,
0.719055,0.915553,
0.674287,0.919272,
0.899884,0.356092,
0.896371,0.364821,
0.803128,0.905832,
0.867293,0.356102,
0.803141,0.873242,
0.812218,0.876979,
0.876173,0.369852,
0.816890,0.882123,
0.819427,0.889815,
0.891368,0.370120,
0.883866,0.372389,
0.817157,0.897317,
0.811858,0.902320,
0.871030,0.365180,
0.718052,0.875657,
0.869713,0.271014,
0.647960,0.874889,
0.868949,0.200921,
0.588471,0.870048,
0.864111,0.141432,
0.855047,0.097473,
0.513775,0.855979,
0.850029,0.066722,
0.499119,0.854162,
0.848216,0.052022,
0.451374,0.877180,
0.451510,0.902298,
0.449054,0.889373,
0.456648,0.912579,
0.464193,0.920926,
0.906623,0.009535,
0.455617,0.867348,
0.463494,0.857402,
0.871223,0.004280,
0.473267,0.851769,
0.862212,0.044343,
0.491434,0.868155,
0.483871,0.869708,
0.901773,0.044389,
0.900279,0.036837,
0.483945,0.906224,
0.509924,0.880275,
0.505394,0.873770,
0.473254,0.895563,
0.881958,0.064484,
0.889584,0.062876,
0.511563,0.887899,
0.473214,0.880453,
0.471733,0.888014,
0.509958,0.895518,
0.874509,0.026117,
0.868083,0.030379,
0.863765,0.036779,
0.477473,0.874026,
0.491496,0.907715,
0.499058,0.906202,
0.499015,0.869610,
0.477541,0.901957,
0.505429,0.902008,
0.544505,0.860982,
0.848883,0.058578,
0.918368,0.067082,
0.918906,0.049417,
0.487843,0.925121,
0.919179,0.040727,
0.473133,0.925606,
0.505675,0.854835,
0.845825,0.026175,
0.889617,0.026148,
0.882068,0.024632,
0.863666,0.051926,
0.867809,0.058301,
0.896012,0.030434,
0.874325,0.062849,
0.883413,0.001953,
0.896339,0.004402,
0.914973,0.017076,
0.919657,0.026016,
0.861396,0.008526,
0.851456,0.016404,
0.900262,0.051956,
0.896086,0.058323,
0.035638,0.787294,
0.019362,0.663964,
0.769638,0.738265,
0.785377,0.686856,
0.037805,0.786115,
0.079033,0.763355,
0.766874,0.737332,
0.034589,0.366754,
0.003642,0.407427,
0.033514,0.368167,
0.908738,0.312648,
0.630997,0.481707,
0.509726,0.360507,
0.001953,0.409646,
0.511970,0.361922,
0.003181,0.411946,
0.558740,0.941652,
0.644758,0.071993,
0.780527,0.853345,
0.293856,0.503152,
0.877701,0.492438,
0.894736,0.393049,
0.986422,0.117816,
0.986422,0.079898,
0.985911,0.073594,
0.423050,0.119461,
0.993460,0.118032,
0.994562,0.086356,
0.994176,0.108546,
0.993736,0.070523,
0.058157,0.104494,
0.107647,0.578754,
0.385299,0.072810,
0.802205,0.145494,
0.634437,0.524431,
0.609856,0.249394,
0.006764,0.016685,
0.462338,0.203688,
0.375236,0.658495,
0.151078,0.014408,
0.946524,0.168648,
0.060655,0.021307,
0.537762,0.018613,
0.167168,0.517804,
0.823592,0.080290,
0.847024,0.082336,
0.840336,0.081669,
0.806819,0.079323,
0.830294,0.080792,
0.873789,0.032647,
0.893656,0.041103,
0.871217,0.046061,
0.882070,0.029402,
0.882176,0.052909,
0.403630,0.116479,
0.428478,0.098135,
0.717482,0.655013,
0.172105,0.032913,
0.179416,0.020795,
0.143147,0.031855,
0.158873,0.037933,
0.153149,0.037344,
0.179859,0.015058,
0.140588,0.018992,
0.089999,0.044228,
0.120198,0.041410,
0.113839,0.043967,
0.137599,0.025226,
0.103699,0.045845,
0.131280,0.033387,
0.121881,0.114851,
0.157818,0.117522,
0.149906,0.120205,
0.173176,0.103735,
0.177403,0.075535,
0.137419,0.120717,
0.168003,0.110287,
0.178541,0.083817,
0.363526,0.408082,
0.382510,0.418801,
0.412885,0.435951,
0.069782,0.746580,
0.799531,0.570690,
0.800811,0.640586,
0.792585,0.253494,
0.733283,0.723770,
0.657069,0.723782,
0.367511,0.735112,
0.271607,0.747614,
0.230164,0.751856,
0.503504,0.181464,
0.552794,0.203977,
0.531670,0.194329,
0.588002,0.220058,
0.718495,0.046777,
0.724207,0.038670,
0.739439,0.017049,
0.712784,0.054885,
0.785910,0.038146,
0.771168,0.009694,
0.001953,0.064179,
0.040912,0.001953,
0.825888,0.068310,
0.817895,0.041965,
0.807238,0.006838,
0.019151,0.618878,
0.516567,0.678898,
0.624171,0.640130,
0.618205,0.257171,
0.289774,0.024648,
0.201597,0.067654,
0.759840,0.928967,
0.778800,0.928967,
0.691790,0.725031,
0.440063,0.843553,
0.787382,0.742948,
0.676788,0.941652,
0.784759,0.850948,
0.778800,0.954338,
0.729548,0.625143,
0.372077,0.026903,
0.945253,0.896799,
0.952175,0.314455,
0.304086,0.093031
